120.62257 44.747082 35.019455
48.638132 56.420233 36.964981
38.910506 40.856031 27.237354
40.856031 44.747082 35.019455
56.420233 60.311284 38.910506
56.420233 46.692607 36.964981
38.910506 48.638132 40.856031
48.638132 42.801556 36.964981
52.529183 46.692607 38.910506
52.529183 48.638132 42.801556
50.583658 46.692607 38.910506
50.583658 46.692607 38.910506
46.692607 42.801556 38.910506
60.311284 44.747082 36.964981
44.747082 44.747082 36.964981
89.494163 70.038911 52.529183
48.638132 54.474708 38.910506
42.801556 44.747082 42.801556
40.856031 44.747082 33.07393
42.801556 38.910506 31.128405
42.801556 44.747082 33.07393
46.692607 46.692607 36.964981
56.420233 50.583658 36.964981
48.638132 42.801556 35.019455
62.256809 40.856031 35.019455
50.583658 46.692607 64.202335
136.18677 50.583658 33.07393
70.038911 56.420233 44.747082
89.494163 50.583658 33.07393
58.365759 44.747082 40.856031
40.856031 44.747082 31.128405
54.474708 54.474708 44.747082
44.747082 46.692607 36.964981
54.474708 52.529183 40.856031
54.474708 48.638132 38.910506
48.638132 50.583658 31.128405
52.529183 46.692607 35.019455
48.638132 46.692607 31.128405
36.964981 44.747082 29.182879
50.583658 64.202335 40.856031
46.692607 48.638132 33.07393
97.276265 48.638132 40.856031
46.692607 52.529183 36.964981
56.420233 46.692607 40.856031
52.529183 50.583658 40.856031
50.583658 52.529183 36.964981
52.529183 48.638132 36.964981
58.365759 50.583658 38.910506
54.474708 44.747082 36.964981
46.692607 38.910506 40.856031
48.638132 46.692607 31.128405
58.365759 70.038911 44.747082
36.964981 42.801556 33.07393
71.984436 50.583658 40.856031
52.529183 44.747082 44.747082
44.747082 44.747082 36.964981
42.801556 48.638132 36.964981
56.420233 54.474708 40.856031
54.474708 50.583658 38.910506
54.474708 48.638132 38.910506
48.638132 44.747082 33.07393
46.692607 36.964981 29.182879
50.583658 46.692607 38.910506
42.801556 40.856031 29.182879
42.801556 46.692607 38.910506
44.747082 46.692607 35.019455
50.583658 46.692607 33.07393
48.638132 40.856031 36.964981
52.529183 42.801556 38.910506
54.474708 42.801556 38.910506
