5.7655086631421
5.87212389963679
6.0728533633519
6.40820778999478
5.70168193103746
6.3983896849677
6.44467526860535
6.16079779248685
6.12911404389888
5.56178627046756
5.7059745748993
5.676556752529
6.18702284665778
5.88410371821374
7.26984141999856
6.99769924208522
7.21761850826442
7.49190609483048
6.88003517943434
7.27744522131979
7.43470523110591
6.71214252128266
7.15167376608588
6.62555509596132
6.76722066872753
6.88611409254372
6.5133903331589
6.88238795707002
7.36969084572047
6.84034899668768
6.98208011547104
7.09956582542509
6.99354130704887
6.68621760141104
7.32737331860699
7.16846673819236
7.29423986072652
6.60794362588786
7.22371094604023
6.91127442964353
7.32094629411586
7.14706019381993
7.28293276228942
7.05303631164134
7.02971958019771
7.28935623168945
6.52333120233379
6.97723006503657
7.2323137386702
7.19273155648261
6.97761962213553
7.3612094768323
6.93809710722417
6.74479727703147
6.57067904714495
6.5994661601726
6.81627170718275
7.01863426319323
7.1620050764177
6.90683018718846
7.41287592425942
7.79360337276012
7.95906572625972
7.83239467418753
8.15087046707049
7.7580167807173
7.97854524827562
8.26631067064591
7.58424691436812
8.37532133003697
7.83907293784432
8.33944035018794
7.84668348915875
7.83377493079752
7.9763512450736
8.39219833584502
8.36433947063051
7.88998954347335
8.27732069883496
8.46061799721792
7.93465948477387
8.2125146787148
7.89999436889775
7.82535215187818
8.25708714802749
7.70269225514494
8.21112122246996
7.62169192102738
7.74548851395957
7.64330437942408
7.73962941509672
7.55893437727354
8.14228825853206
8.37626921269111
8.27891467744485
8.29730882588774
7.9552744536195
7.91008408204652
8.31087024277076
8.10493329027668
8.15472392807715
7.85319727193564
7.77026014588773
8.49268406117335
8.13349326443858
7.71320813521743
7.6293723480776
7.9781180343125
8.4240744698327
8.09876096714288
8.47617069492117
8.23179251188412
7.8567269120831
7.93147369055077
7.64821156067774
7.51307757548057
8.21556606609374
7.6031842357479
7.94628434861079
8.14010104513727
8.49183862004429
7.9955935778562
7.98434952436946
7.67344233486801
8.25482094450854
7.95389548921958
8.01116978377104
7.70754511328414
7.72865814273246
8.09571199631318
8.07487219828181
7.57706438028254
7.53554057958536
8.14279549219646
8.42861519963481
8.09809242235497
8.06090074800886
8.02602772391401
8.48509522387758
8.00764182233252
8.18278807867318
8.10154121764936
7.73886867775582
7.75816592667252
8.2293096233625
7.95257083140314
7.67512676841579
8.24669826962054
8.60498764039949
9.36454494902864
9.11464497167617
9.05715953884646
8.82877731905319
8.95313144545071
9.00044097262435
8.68086636113003
9.02963060280308
8.5752757457085
8.7777559326496
8.7126995192375
8.78479048097506
9.39509410294704
8.9462353233248
9.27998488978483
9.3806190348696
8.91312420950271
8.56380848051049
8.83548749168403
9.22372594662011
8.83761533349752
9.13041412248276
9.34061455400661
9.35613166471012
8.89135928102769
8.88049388560466
9.39544542599469
9.14431576291099
9.24107864871621
9.10530344652943
9.40308161149733
8.79373015509918
8.69126010988839
9.38645094330423
9.00333948573098
9.37705754302442
8.68919362244196
9.25810305238701
9.22449889266863
9.44372481829487
9.04764658701606
9.21174386772327
8.88890509982593
8.60087312618271
9.42730208858848
8.78323250031099
9.09057315881364
8.61036060494371
9.34050703211688
8.81796368444338
9.28285133698955
8.76750820735469
8.71864528488368
9.01679683639668
8.76895059202798
8.68116832734086
9.01857613748871
9.06278293579817
8.62915685446933
8.7563676040154
9.21793527598493
9.46140993642621
8.60014084656723
9.26322268950753
9.44796635466628
9.31863468838856
8.80829233070835
9.14957946049981
9.45335545111448
9.45373265002854
8.8399792034179
8.76247411011718
8.66545393317938
8.82216805662028
9.01012520655058
9.42396847135387
9.01095969835296
8.75762126082554
8.54646088695154
8.91785625834018
9.3540015022736
8.84723067772575
8.6314423205331
8.87448686454445
9.13142022839747
8.8900789336767
9.18962784879841
9.1894134124741
9.05490062315948
8.92962440778501
8.9527200628072
8.80644325888716
9.07835394400172
9.41037030424923
8.64260408212431
8.91504762531258
8.71092575066723
8.92875037086196
8.63268997520208
8.96009644586593
9.44295705924742
9.26197386160493
9.43290982884355
8.9706784975715
9.10358806769364
8.98498968058266
8.60880631650798
8.74772683298215
8.9985145307146
8.8728667080868
9.43469137023203
9.02398607786745
8.81714467168786
8.77796602947637
9.28754050773568
9.20246251253411
8.66502763866447
8.56445753877051
9.25470562162809
9.12041003303602
8.66957676666789
8.56221405230463
8.60902926861309
8.8817163517233
8.66931091458537
8.79865254205652
8.69220953504555
8.75717002130114
8.68123182281852
8.97731370967813
9.27073704288341
8.52778712240979
9.02731077698991
9.38031906890683
8.87306337198243
8.54795913165435
8.63862824672833
8.82149212039076
8.65483161131851
9.63222817215137
9.72130592772737
9.72638079617172
9.63141653384082
10.4815634603146
9.82701372681186
10.0069394970778
10.1814425147604
9.59916910319589
9.618902558228
9.55043965950608
10.4292539197486
10.1737122328486
9.59485785546713
9.99259612080641
9.96155184064992
9.87521653086878
10.4910992195364
9.67635071370751
10.3134352085181
9.56844663713127
9.90044974675402
9.64114432572387
9.69330986239947
10.3413517167792
10.2199139883742
9.76721208309755
9.99500164482743
9.58311389782466
9.85388424061239
10.4692088053562
10.1247141896747
10.1646182497498
9.81248965649866
9.90568961272947
10.4960773715284
10.355082356371
10.4535483960062
10.3123050923459
10.2821821158286
9.76787812891416
10.2621515295468
10.4863115891349
9.79360554902814
9.8993511069566
10.3121315238532
9.57715166918933
9.86369680985808
9.94259246718138
9.6567141325213
10.0822052701842
10.4701621788554
10.4894998334348
9.67645203648135
10.0421304244082
9.88430389203131
10.1761640508194
9.76929377974011
9.96925094234757
9.67180008231662
9.86918946239166
10.2254052725621
9.98614910431206
9.56380246672779
10.2845462299883
9.91832163580693
10.4810180847999
9.78288395586424
10.3478821495082
9.58223923086189
10.3864587505814
9.97193073085509
9.60910096345469
9.83327798452228
10.3374165692367
9.776849841699
10.0870351414196
10.3367322697304
9.57115402398631
10.2027787433472
10.1988245372195
9.96396238100715
9.93693111045286
10.0621767877601
10.4284832263365
9.73046641424298
9.72181375441141
9.92021589330398
9.83352080569603
10.3648075503297
9.67719453573227
9.99331872863695
9.92971336678602
10.0642638429999
10.1561623155139
10.4785540627781
9.73216114845127
9.74081159615889
10.2968360839877
10.3316717150155
9.61350770643912
10.4633120163344
9.64732289966196
9.64362694276497
10.4252299352083
10.0070356025826
9.65485101705417
9.84830205212347
10.1598210257944
9.81177237443626
9.85157340927981
9.64784570690244
10.1588776090648
9.68506996450014
10.4543781368993
10.3978484920226
10.4436970544048
10.2236907512415
9.87035706592724
10.2810175402556
9.51114950864576
10.44030871219
10.4937492262106
9.8574057451915
10.2476350634824
10.2929090238176
10.2058590063825
9.97582503873855
9.99465452600271
9.80805244878866
10.1950122462586
10.3227933056187
9.93471764074638
10.0147326528095
10.1630109676626
9.64316658652388
9.84448739374056
9.90576358232647
9.58531100582331
10.4325719282497
10.3383840667084
10.3794332961552
10.4357124676462
9.57246063346975
9.87875944050029
10.0378649227787
9.6050501386635
10.3016877055634
10.2396417458076
9.55214901338331
9.98216957319528
10.4205178406555
9.54152842890471
9.79399179900065
10.0008504872676
10.1097489350941
9.76424904959276
9.92309860954992
9.86656361632049
10.4425053223968
9.62372356513515
9.57003267924301
10.4643170379568
9.94251010823064
9.87027238029987
9.67024358012713
9.5541904293932
10.157828069292
10.0781619166955
10.4871017639525
11.1037924014963
10.5649499187712
10.6621090818662
10.9753979204688
10.5019328347407
10.9414591430686
10.7609297372401
11.4384137454908
11.215833283728
10.663085478358
10.9761880184524
11.1902567229699
10.9608951795381
11.455146738328
11.2125401224475
10.897147933254
10.6177206120919
10.740116273053
11.3636305665132
10.9359764016699
10.9978680519853
11.191927672131
11.2603132817894
10.6554012226406
11.3494570930488
11.4468178190291
11.0884191903751
11.0022508152761
10.6897799177095
10.5018368582241
11.3775780622382
10.6341113378294
10.5227412241511
11.4391367060598
10.7929487228394
10.6643265744206
10.8991025558207
10.9595754120965
10.9340308485553
11.017009826377
11.3462457526475
10.5551642864011
11.054177061189
11.1882752375677
11.1580575536937
11.1633427252527
10.9722342025489
11.4695281661116
10.9021970627364
11.3495521037839
11.2566449074075
11.0326012193691
11.3741496608127
10.9671151156072
10.5081284553744
11.2277670046315
11.2165894787759
10.6874263710342
11.1460672768299
11.0419792798348
10.8353207597975
11.1379087232053
11.3292010638397
11.2089751984458
10.8485503508709
10.6283278749324
10.8880784888752
11.4281775483396
11.3043907713145
11.2586968070827
11.4572498889174
11.4939138786867
11.1064409946557
10.5293771654833
10.8364453578833
10.7776580867358
10.6171975501347
10.5432182590012
10.8703097857069
10.8368783087935
10.6736525534652
11.1217732795049
10.897843627492
11.455675768666
11.153349443106
10.8287437167019
10.6971467135008
10.6153423248325
11.495965478709
10.8792767252307
11.0619880927261
11.2327180176508
11.3708055529278
11.0721702596638
10.511036070995
11.4063152612653
11.2706536315382
10.8825046233833
10.5940458888654
10.5496535839047
11.3211623181123
11.329324304359
11.1547328757588
10.6328278130386
10.841809901176
11.2313715789933
11.4072914160788
11.1961969994009
10.74157922226
11.1441072286107
10.7807502136566
11.4576365207322
10.6583959567361
10.9183389917016
10.7520097973756
10.5943902677391
11.3277177696582
11.0253055037465
11.1677476274781
10.9082777597941
11.34258990339
11.2373054679483
10.8482244010083
11.4489381774329
11.1466791899875
10.5352777668741
11.0964484557044
10.9153180015273
10.5768970381469
11.0280488792341
11.4623333085328
11.2087400511373
11.0534757035784
10.7429566089995
11.2780425290111
11.1519409434404
11.3302457039244
11.1485509474296
10.9798357943073
10.9950641056057
10.8798725914676
10.9504854371771
11.3142517504748
11.4287772257812
10.64748104522
11.2498216649983
11.4756573496852
11.4747924634721
10.850625570165
10.8939490569755
11.4509510090575
10.6066483196337
11.4347601165064
10.8461620998569
11.0330606058706
11.0387942993548
11.2147179497406
10.90579050011
10.6527881412767
10.8402327613439
11.1266548475251
10.5573726783041
11.3516676397994
10.7126453458332
11.0394620278385
10.6364875861909
10.8248651404865
11.1210762937553
10.7559822485782
11.1348757988308
10.9856721069664
11.4381769166794
11.3575015370734
10.8708835376892
10.814201829955
11.3285343598109
10.9518415131606
10.8158784122206
10.5978085375391
10.5649005365558
11.1894573664758
11.1680506039411
11.4045466477983
10.8016932704486
11.4328087046742
10.7019830173813
11.2923787559848
10.7246305088047
10.5307565710973
11.3620340412017
11.1851075051818
11.4420749095734
11.1758537604474
11.3431201484054
10.8618941849563
10.8923658852
11.0676873975899
10.5951521336101
10.6937840715982
11.0880663930438
11.2515041681472
11.3672387872357
10.8717957371846
11.2988145495765
10.558314392576
11.1234357093927
10.856641406659
11.0879279323854
11.4137846420053
10.6994421829004
10.8690836238675
11.171408327762
11.2681445507333
11.0222482760437
11.3280750180129
11.0270961946808
12.0017548250034
11.919973319862
11.8622982832603
11.6234289102722
11.7981615294702
11.7766764897387
12.2702253556345
12.2781813021284
11.6437872806564
12.0155261505861
12.0972404854838
12.0058430240024
11.8860996330623
11.926098100841
11.5117597347125
12.4193317703903
11.5794396931306
12.0073742547538
12.3201716169715
12.0983954181429
11.9241535260808
12.0593102707062
12.2890944720712
11.667715257965
12.4704517300706
11.9735030983575
12.4297432058956
12.4009392703883
12.2508821878582
12.176568772411
12.1480134457815
11.5732468697242
11.9235584184062
12.030824364163
12.4427047623321
12.2122245593928
12.2244905754924
11.9701286177151
11.6202822558116
12.2830976708792
11.9381573970895
11.9314559798222
11.5274978789967
11.6465618428774
11.9225951579865
12.2671371742617
11.5047664453741
12.1035956915002
12.4055772605352
12.2066615319345
11.7625371592585
12.3510762194637
11.8336055150721
12.078284267569
11.9327731302474
11.5515953230206
12.2298032878898
12.0481704142876
12.2512219855562
11.5507711647078
12.2149662123993
11.7976944567636
11.7834772097412
12.3298771274276
11.5863953751978
11.5426571189892
11.8487408088986
12.0423360101413
12.1094608635176
11.7713720984757
11.7052309319843
11.8816321482882
11.9725581153762
12.3355179498903
11.6214714962989
12.1758081249427
11.9966852199286
12.4022377477959
12.0512639668304
11.6285646765027
11.9420097856782
11.6922976963688
11.9349006221164
11.7251334029716
12.4610962821171
11.9484274650458
12.2771449852735
11.6582197744865
12.366808582563
11.7061456057709
11.6779496830422
11.6648911463562
12.0652689773124
12.2271810211241
12.3759189890698
12.2084243837744
11.9774632109329
12.3202799935825
11.5166122107767
12.4961111012381
12.1348948357627
11.9284753808752
11.5283929328434
12.2533327005804
11.7086339753587
12.4994554051664
12.4072491931729
12.212465031771
12.2309328839183
11.972487921128
12.3625106869731
11.6654151224066
12.1204279256053
11.7923313949723
11.9561417337973
11.5456392089836
11.6776617520954
11.5579320678953
12.4444102335256
11.8427434742916
12.0179505706765
12.125245335279
11.7372648536693
12.0161239143927
12.3065418277401
11.8482647344936
12.3586874529719
11.534438761184
12.4709971458651
12.245110136224
11.773255241802
12.1771061015315
11.8479474680498
12.4470205216203
11.8386237749364
11.5317132039927
11.8535857975949
11.8871235877741
11.8569471600931
12.4599686060101
11.8837382048368
12.0463376210537
12.4253234758507
12.4168595271185
11.7427329928614
12.2170908388216
11.8489460358396
12.0542833507061
12.242972413078
12.3196983186062
12.3696572650224
11.5358651343267
11.7200244034175
11.8669732096605
11.8056964420248
12.2278304575011
12.1997287662234
12.4100609268062
12.3456026096828
12.2785446401685
11.900843428215
12.0768046588637
11.5763594461605
12.372974850703
12.4562857355922
12.0055310798343
12.4243663637899
11.6345135327429
11.7387370031793
11.9899626220576
11.974060096778
11.9349941590335
11.5392489600927
12.1443310151808
12.2155672002118
11.8516667212825
12.4465567488223
12.2431065072306
11.5507859203499
12.4803647808731
11.7178224525414
11.5361960020382
11.7607038654387
12.2204157859087
11.7478941811714
11.7349157915451
11.5210118428804
11.7646206277423
12.1918016194832
11.5346693911124
11.5627861295361
11.8977060918696
11.990028424887
12.1310487475712
12.2234043122735
11.5767657924443
11.9214460805524
12.4737266858574
12.3138057834003
11.7237677229568
11.9897423058283
11.5113401929848
11.7586022969335
11.9545987718739
12.2409766882192
12.4906600117683
11.8322049460839
12.4447914054617
12.4618534198962
12.3992774996441
11.9927158351056
12.2849354778882
12.3031190470792
12.1777676236816
12.0812775786035
11.8306680873502
11.5013146565761
11.5658019641414
11.5859519173391
11.5131097168196
11.8357456242666
11.6192643165123
12.0935954453889
11.5373126757331
11.5095717918593
11.6615961259231
12.3318989882246
12.2668427543249
11.7727803164162
11.6881632988807
11.7257618347649
11.561970367562
11.5599002409726
11.6481558703817
11.5729878859129
11.5428858918604
12.0224612723105
12.2892314894125
12.1947533481289
11.5665760473348
11.5179577465169
11.9421584233642
11.6576020831708
12.2188601158559
12.2039418325294
12.3852263048757
11.8252610152122
12.4708815666381
12.4848202662542
11.5391847176943
12.3935712880921
12.3223991512787
12.2242446928285
11.7889201377984
12.0019486045931
11.9283470013179
12.1100160160568
12.4261131740641
11.7401232577395
11.7718818339054
12.2350036464632
13.2515458730049
13.4305919208564
12.9627302747685
13.3606911767274
12.8120364195202
12.7080390134361
13.4208274672274
12.5527368842158
12.9111554310657
12.9563412151765
12.9158602475654
13.1703534517437
13.2569040800445
13.4116513144691
13.319952085847
12.5936498525552
12.6779060813133
13.1422145802062
13.3742829938419
13.0923133504111
12.7624321922194
13.3837522640824
12.6876893462613
12.9888669822831
12.5098204871174
12.8604340432212
12.9421616909094
12.625729221385
13.1243645476643
12.8024313317146
12.7396372281946
12.858629763592
13.3929104125127
13.4906272650696
13.2324211974628
13.4927880882751
13.0397893621121
12.9338017618284
13.4646736741997
12.6483196432237
12.5664930557832
12.5242514880374
13.112423241837
13.1966087480541
13.3011418872047
12.6377302838955
12.6597848227248
13.4888335929718
12.8986456955317
12.6879118161742
12.9777282411233
13.044234022731
12.8281579806935
13.4999305936508
13.02778183599
12.6337345081847
12.9385400677565
13.1207939398009
12.7029124121182
12.634169772733
13.2768339980394
13.1359498486854
12.7821362966206
12.6912594560999
12.7655367199332
13.0308087929152
13.1848609040026
12.8832833936904
13.4549879983533
12.6183565806132
12.53910005535
13.0045050329063
13.0784825552255
13.3393039079383
13.1544449753128
13.4445283398964
13.0116576296277
12.5849210591987
13.4947705094237
12.9014441198669
13.3956462966744
13.3768584120553
12.7964847979601
12.6325919097289
12.7659109076485
12.5057275427971
13.3196018214803
12.6746616789605
13.343080552062
12.6667121667415
13.2640194350388
13.0189380873926
12.7726853033528
12.8432031357661
13.2050753401127
13.0915353011806
12.9693790376186
12.8363766055554
13.4678374286741
13.1458418837283
12.6963011692278
12.8571803851519
13.0130180821288
13.3829967405181
12.6526675652713
12.7304615974426
12.662988578435
13.1143468590453
13.0016364438925
12.6881188880652
12.9077148525976
13.0823880468961
12.8089290650096
12.980965640163
13.439394792309
12.5460405482445
13.0348617297132
12.9426607822534
13.4063654695638
13.3810423817486
12.66324111633
13.2521907656919
12.9029872021638
13.0569526934996
12.5801692819223
12.616568592377
13.4251925612334
13.3788442406803
12.6632076269016
13.0315639013425
13.4297921683174
12.8257159937639
12.6607946308795
13.4497079178691
12.9623570486438
12.720770887332
12.5020192326047
13.119192603277
12.9025059221312
13.4000326106325
13.0058819844853
13.2264870810322
12.5274866148829
12.8794132131152
12.886744662188
12.8378207252827
12.8644318513107
13.1387559697032
12.5329143274575
13.1961925884243
13.3155641746707
13.0074228534941
12.6125926258974
13.4063233011402
12.9133389531635
12.9737557878252
13.2137141800486
12.7418712105136
12.7996406275779
13.2044788214844
13.271674948046
12.5138403405435
13.0513139534742
13.1524611904752
13.43166070804
13.1903917051386
12.7537671390455
12.9110383701045
12.622891113162
12.6319665557239
13.1401180082466
12.8464234322309
12.9227566046175
13.4394088804256
12.8838892308995
12.7285851310007
13.1902786858846
12.5098579174373
13.186130894348
13.2916745960247
13.0074934887234
12.8080762489699
13.2372122772504
12.804715243401
13.2747087017633
12.6121136378497
13.297743699979
12.9910011673346
13.3329181747977
13.2584231549408
13.4021465608384
12.7784400130622
12.9456928498112
12.7720157357398
12.8299183256458
13.3636006538291
12.6098579533864
12.9022568997461
12.9060750936624
12.9364792548586
12.6770000963006
12.7657302001026
13.1595500134863
13.316055504838
12.9211843446828
12.6600643042475
12.7886101272888
13.3021290083416
12.6642456818372
13.2897927351296
13.0242149699479
12.82003500266
12.7751770878676
13.3018980382476
12.6040244312026
13.3381222665776
12.5792628736235
13.2175640671048
13.3646178266499
13.4785582080949
12.7491262075491
12.5248606903479
12.7229782319628
12.622025499586
12.8852394248825
12.5843304744922
12.7825818997808
13.0665824587923
12.8285423023626
13.4434746827465
12.8773035139311
13.4533156123944
12.7732528676279
13.1873301560991
12.6369918044657
13.3102107716259
13.2626046920195
12.9424048338551
12.9566756945569
13.1804550888482
12.5743979089893
13.1466290750541
13.2899141116068
12.7233165067155
12.5409439904615
12.8846483633388
12.8440921539441
12.9463686922099
12.8868331694975
13.4183179154061
12.6740175434388
12.6498705623671
13.1131992288865
12.5172433319967
12.566110484302
13.2788390414789
13.4356561270542
12.7072041395586
13.1433431569021
12.8313795751892
13.4554215909448
13.3171891570091
13.2402761431877
12.7227059768047
12.5457247165032
12.8665265792515
13.2413930250332
13.4335062499158
13.1732099498622
13.2013571073767
13.347625407856
13.2061566549819
13.3588077595923
12.9456444911193
13.1766349920072
12.6278247826267
13.2361715352163
12.5672451483551
12.7808000696823
12.9116176837124
13.4434249971528
13.4773425331805
12.5388665851206
13.0877277771942
12.5300116771832
13.0652812083717
12.598227230832
13.1302907885984
13.3185018345248
12.8500416630413
12.6339836749248
13.580943378387
13.8504433142953
14.4962717846502
14.0329688107595
13.8358973804861
13.8142346434761
13.882622060366
13.5185464078095
13.5365391168743
14.3785132940393
13.9020640237723
13.9693810741883
13.9023365101311
14.2020901024807
13.899164465256
14.0019583227113
13.5369737506844
13.7979757348076
14.4628419817891
14.4350969046354
14.4610991773661
14.2925953641534
14.2547771928366
13.5659666301217
13.6355047791731
13.6235993755981
14.2625438608229
14.4034657159355
13.9026590902358
13.6825630078092
13.874565219041
14.0062086773105
14.4135026789736
13.5766451810487
13.6097455238923
14.2542672224808
13.8045987756923
14.2238096564543
13.732330028899
13.8934588669799
14.0078793969005
14.4399168654345
13.5578751706053
13.8047657045536
13.7409240440466
13.8852034350857
14.2629833556712
14.3646469986998
14.1791112150531
14.176762705436
13.6650525194127
14.3028674293309
14.2119934314396
14.4287030890118
13.5074946049135
14.096331653418
13.8667456808034
14.2419671553653
14.2620873905253
13.7607229591813
13.7549358813558
14.1788408099674
13.9854806624353
13.8785845302045
13.5555479826871
14.3990258984268
14.3017233137507
13.98101305007
13.5321287591942
14.0120068122633
13.8731012721546
13.9985716848169
13.8992657368071
13.5209469445981
14.0242890284862
13.6603988497518
13.7051142351702
14.4752267156728
14.4663548751269
14.2600703223143
13.5763705321588
14.0158238760196
14.1003051945008
13.9370240909047
13.5016422611661
13.9355515181087
14.0009637689218
14.1696047061123
14.1948571067769
14.2825103143696
13.6390228455421
13.6632456772495
14.2595429101493
13.9437036174349
14.1296688304283
13.6045128603
14.3355488972738
13.8339493619278
13.699519188609
14.1945454764646
13.6658787627239
13.573963903822
13.5382361884695
14.3460202165879
13.8735481973272
14.3807106972672
13.5903177724686
13.9959074112121
14.2543227360584
14.1058908130508
14.0284127965569
14.4102066827472
14.4857289039064
13.7797425619792
13.6234916946851
13.6743790439796
14.3813352547586
13.6246282721404
13.7989689046517
13.6647346399259
13.5726095444988
13.7384139820933
14.2166666053236
14.1450209917966
13.5758749665692
13.6727089220658
13.6456703578588
13.8919011843391
13.731745099416
14.0613798229024
14.0835201865993
13.5987593382597
13.6589165413752
14.4220654040109
14.3594497190788
14.4071987534408
13.6152689564042
13.5355392340571
14.0857543875463
13.8141682648566
14.0568892741576
13.854495415464
13.6432683116291
14.0671354627702
13.834098657826
13.6204011905938
13.7558543242048
13.8533853164408
14.3313199293334
14.2832239165436
14.4401522073895
14.3391990317032
13.6489850191865
14.0906760850921
14.3239626006689
14.1318853653502
13.9699299614877
13.7587409035768
13.5245803508442
13.8288081276696
13.7248534844257
14.3773318394087
14.1776542006992
14.0259333036374
14.0576866639312
13.7474716734141
13.5072967708111
14.4489064351656
14.2191501385532
13.7793245445937
14.243782856036
14.370748400921
13.8803701251745
14.2194475159049
13.7396067103837
14.1477648741566
14.4756707607303
13.8779988079332
13.9641441286076
14.3122962957714
13.9944081131835
13.5503090226557
13.6306217405945
13.6614383161068
13.5894531598315
13.9036140881944
13.5638598678634
14.0620059224311
13.8365241079591
14.0406422810629
14.413231221959
13.8868807591498
14.4602671640459
13.8846865913365
14.4416019793134
14.1806356571615
14.4026423536707
13.7537970656995
13.906097129453
13.514248613501
13.610447794199
14.001537791919
13.8715266480576
14.3059155542869
13.5079228435643
14.3365120592061
13.8768391793128
13.8852485332172
14.4515305755194
13.9756742394529
14.0520937943365
14.4347163250204
14.3634362560697
13.7599144843407
14.1876998345833
13.9479072461836
13.7180162759032
14.1862368150614
14.4593820252921
13.759404480923
13.9687599919271
13.8213395576458
13.6646428145468
14.214727725368
14.0281657513697
13.7347146801185
13.5644316615071
14.1757634961978
14.3061453618575
13.6154712352436
14.1920144213364
13.5217862285208
13.8613767086063
14.2322800499387
13.8126230419148
13.9471530532464
14.3254390680231
13.8317954652011
13.6440251672175
13.80092075211
13.6626017969102
14.3394715783652
14.1643074771855
13.6388673055917
13.8258818138856
14.331430218881
14.3225391043816
13.6493999203667
13.9212796895299
13.9451826515142
14.3839273757767
13.9149973266758
14.1898921618704
14.2169208771084
13.5123791699298
13.537829448469
13.5908774142154
13.8988239674363
14.4002145759296
13.9449026284274
14.25515309209
14.2114702395629
13.6667563503142
14.3691423891578
13.5891845354345
13.6630136633758
14.3493536883034
14.1281303411815
13.7084599509835
14.1728608268313
14.4642056908924
14.381738852011
14.4617646869738
13.9646931856405
13.5728773572482
14.3743087535258
13.6988728062715
14.0345897586085
13.6055621909909
13.8839950172696
14.2477059245575
14.1957909979392
13.598391772015
14.1115317933727
13.5209252538625
14.149712249171
14.4783780702855
14.3425044592004
14.3427858420182
13.8874521625694
14.2930711021181
13.9061965590809
13.7533489051275
13.9193039890379
13.9954995329026
14.3582459569443
14.2322648535483
14.4744284905028
13.600054909708
14.3325908370316
13.9505541778635
14.350459135836
14.0697515436914
14.46154251392
14.4547507339157
13.7837795088999
14.2396064978093
13.5707425756846
14.4001195468009
13.6334205726162
14.0558860776946
14.1004080325365
13.6329610389657
14.0093123372644
14.867049907567
14.5033045473974
14.5479798603337
15.3820484501775
15.3235170401167
14.9130309009925
15.4217332180124
14.9774029334076
14.9749944235664
15.1578360670246
14.6633204538375
14.5951943711843
15.3615147923119
14.7398791697342
15.0554041319992
15.349406595109
14.849647580646
15.4757385952398
15.3694055301603
15.2541240509599
14.7236734200269
15.269816465443
15.374713584315
14.5437931080814
14.6997607070953
15.3537423582748
15.152254128363
15.3693320192397
15.313636587467
14.8614476379007
14.5908958460204
15.0746552904602
15.1547304135747
15.3222047763411
14.9555755150504
15.4843288983684
15.2503983781207
14.6335556870326
14.7151735126972
15.348379537696
14.9653411854524
15.415767790284
15.4165577383246
15.3198545838241
15.0669011576101
15.1154771612491
15.2948002899066
14.9396965485066
14.912587253144
15.0654852851294
14.6516478320118
15.3074608454481
14.9956413663458
14.6405091830529
14.6102892791387
14.6107910634018
14.5047142794356
14.7384043552447
15.3788228791673
14.5772186573595
14.6385385601316
14.5475245749112
14.5339188734069
15.4160890183412
15.3402003939264
14.6788714164868
14.9952679451089
14.8069585270714
14.7743769618683
14.6282438554335
14.9293819132727
15.1959449637216
14.8350607184693
15.2012464334257
15.3405349147506
15.3826320066582
15.2665893500671
14.8220276276115
14.5421170077752
15.3927099222783
15.1381051451899
15.0544931162149
15.2663299480919
14.5968612944707
15.2480164875742
15.3752179876901
14.5076685955282
15.434916985454
14.9069656580687
15.2887633896898
15.4761276245117
14.8334025458898
15.2872148209717
14.5893609160557
14.5436999020167
15.014933738159
14.5480893275235
14.5891961276066
15.1883255215362
14.5348385337275
14.9309109244496
15.2592940512113
15.3317969546188
14.8824625168927
15.1155548188835
14.8449866503943
15.0322787740733
14.7600091069471
15.0728606223129
15.405846678419
15.0660218785051
14.5564868177753
14.6021137454081
14.8283418559004
15.4906005072407
15.2143653393723
14.5789741838817
15.1142164494377
14.9932336728089
14.7690976548474
14.79311086284
14.9752783002332
15.4640785462689
14.9236321020871
15.3440970957745
15.4538273513317
14.7864735247567
15.0408493978903
15.0813783179037
14.7562868944369
15.3780839683022
15.3823023876175
15.4873346847016
14.6016209011432
15.1187750021927
15.204733769875
14.6485884308349
15.3908105916344
14.6626703001093
14.6218664695043
15.4775568572804
15.1271102654282
14.5191994300112
15.329164144583
15.498877475271
15.3680955162272
14.8969110748731
15.4362417825032
14.8247728960123
15.4724475615658
15.0625984538347
15.079329037806
15.324690353591
14.6984444775153
15.1189896350261
14.7245646149386
14.525223730132
15.2565051247366
15.138156944653
14.5578689130489
15.1737978132442
15.1915447707288
15.2452289597131
14.6240618706215
14.6511717867106
14.6774306253064
14.5088694677688
15.133788643172
14.8727508850861
14.7777200490236
14.6725085007492
14.7037111413665
14.7218708817381
14.7534315045923
14.6700976893771
15.4216767640319
14.8453134584706
14.5851092091762
14.877817805158
15.0433435195591
15.2870109260548
14.8203135277145
15.3380385183264
15.4984704852104
14.713442992419
14.9372964913491
14.8787299962714
15.4655767085496
15.1411165022291
15.3061353338417
15.4190621888265
14.5586224480066
14.977642855607
15.1968827883247
14.5446715094149
15.2568543169182
15.091673724819
15.0101404630113
14.9526017664466
14.5254819660913
15.4618436093442
15.4876274396665
15.1343595581129
14.9255413468927
14.7666259051766
14.5805694879964
14.8301415634342
15.3940501029138
14.8066751984879
14.9024238411803
15.0737913975026
15.0969883843791
15.0700171375647
14.7180712879635
15.3201267444529
14.5366557808593
15.1255828149151
14.9334789381828
14.8569261385128
15.2736676400527
14.673452047864
14.9932089732029
15.2371889085043
15.0110010227654
14.9750869160052
15.0878999405541
15.0725373793393
15.1549177407287
15.3651255557779
14.8968463758938
15.4601161556784
14.8808772552293
14.6700882799923
14.7316048785578
15.4499202093575
14.583508157637
14.6930440159049
14.5746952951886
15.1050160080194
14.7158428963739
15.0879872606602
14.7288976032287
14.8909251792356
14.8479059133679
15.4183794024866
14.6120391236618
14.7549761435948
14.686624069931
15.2455435229931
15.432968782261
14.9947118938435
15.1449936812278
14.675802586833
15.1029946461786
15.3877576659434
14.9902094043791
14.5183835725766
14.6793907922693
14.7993911383674
14.776964061195
14.5616094244178
14.8553213477135
15.077037754003
15.0350315584801
15.1042728303
14.9861489783507
14.6316265680362
15.4645700487308
15.2424615763593
14.8668393846601
14.6508252948988
14.7269396733027
15.2451168089174
14.5505923777819
15.0939932968467
14.6532506484073
15.2627807250246
15.4952810648829
14.6739981106948
15.1191308225971
15.0379831739701
15.3182582622394
14.8217469071969
15.0823269367684
14.5709323794581
15.070644013118
15.0606772506144
14.9341709394939
15.4619487852324
15.211271684384
14.7584695320111
15.4256775376853
14.9208116631489
15.3163007455878
15.2546650476288
14.9121433044784
15.0144168320112
15.0422847184818
15.4740243041888
14.5736379548907
15.2695038053207
15.3725549092051
15.4898655845318
15.4651476440486
15.1364213186316
14.5653892939445
14.6284147549886
14.9927847804502
15.1632448602468
15.6893787137233
15.6775983932894
15.6155603255611
15.6569524002261
16.3574108495377
15.924860531697
16.3783416710794
16.3248265639413
16.4788196168374
16.1345430158544
16.1915232760366
16.292183339363
15.534170645522
16.3199936810415
16.18763616262
15.9317768919282
15.7438757868949
15.508147703018
15.9211061433889
16.2869569079485
16.0955921227578
16.4849630587269
16.0280434559099
16.0232784177642
16.286444804864
15.5877224092837
15.7561119806487
15.8566041202284
15.7490554579999
15.675018487731
16.0729220807552
15.9833931482863
16.3099489691667
16.2505152339581
15.8474437976256
16.3068744842894
15.7517642281018
16.0929635539651
15.6562157333829
15.6751596515533
15.7263773009181
16.2919632520061
15.8883764797356
16.4112220325042
15.6218470511958
16.4878351569641
16.2552879205905
15.8107758339029
15.5198653580155
16.1822830613237
15.9387360666879
16.3837007053662
15.5742437855806
15.9536695559509
16.3880362706259
16.2001592416782
15.8046156112105
16.0848908023909
16.3704537700396
15.9465235592797
15.8373730396852
16.0669086086564
15.915764981648
16.3326606648043
15.6537075880915
16.15864904318
15.5010268189944
15.8204509285279
16.4501328805927
15.51255250955
15.5790907654446
15.7132883705199
16.4948432589881
15.9920395875815
16.1276341180783
15.5059613350313
15.7858539987355
16.4864804171957
16.2576923249289
15.5682749908883
16.3107639786322
15.6228714070749
15.909918360645
16.427543645259
16.0542082393076
15.5142666143365
16.4673652811907
16.2700655325316
15.5799524132162
15.8654198483564
15.9804265452549
16.1757606919855
16.2864472507499
16.3100580573082
15.5786775036249
15.6689144410193
15.5367327940185
15.7401423088741
16.4121951819398
15.5013634797651
15.7273004481103
15.6682629317511
15.6497625149786
16.1480971612036
15.9855725492816
16.1932443194091
15.7896694566589
16.4786716597155
15.7881263294257
16.0257645212114
15.577822269639
16.178553835256
15.681949716527
16.0298044551164
16.3016788288951
15.8131871959195
16.1912734117359
16.2730445226189
15.761793632526
16.1787601530086
16.4921432959381
16.0514875198714
16.4306844735984
15.7074043448083
15.7299590394832
15.9839865893591
15.9610593938269
16.2827213569544
15.5006052660756
16.2506233800668
16.3307324375492
15.8146712363232
16.2120331600308
15.7517115492374
15.8093474982306
16.1959548471496
15.9230956470128
16.3528902130201
16.0343999166507
16.0481775163207
16.345543978503
15.8770290799439
15.6660436785314
15.689248028677
16.3568678160664
15.837503234623
16.2750282350462
15.5690702020656
15.7409492656589
15.7428018378559
15.8871129890904
16.3718050210737
16.4671970484778
16.3669162709266
15.937715301523
15.6919377921149
15.5822944045067
16.0834516375326
15.5703614954837
16.0276626558043
15.9722882853821
15.5481913706753
16.0945408076514
16.2912712150719
16.098868683679
15.5279159292113
15.8957266318612
15.6062439645175
15.5241113880184
16.3408977678046
15.8263999258634
15.7942976471968
16.3228979797568
15.9143474246375
15.5101712229662
15.552408388583
16.2303703813814
15.5733949469868
15.5703566265292
16.1371719671879
15.9133058709558
15.930717830779
15.5802463705186
15.7771166786551
16.2940710189287
15.5910974657163
15.7766821775585
15.6362554582302
16.1634760950692
16.4791300224606
15.7118113343604
15.872026984347
15.6183647166472
16.2805361473002
15.56557821366
16.2837750923354
15.623852211982
16.2773416724522
15.861349072773
16.1159300107975
16.417042729212
15.6052200999111
16.2155457939953
15.6563665554859
15.7615757212043
16.2737913676538
16.0947590705473
15.5953767166939
15.6584679337684
16.2010907148942
15.7691827262752
15.7968300636858
16.0626652922947
15.8451765123755
16.4963633108418
15.7148896281142
16.0907471976243
15.908991047414
16.039928927552
16.3098068775143
15.510653143283
16.1749895561952
16.3801815540064
15.9080887658056
16.3940521345939
16.3078513138462
15.5522684226744
16.4511394693982
15.998940351652
15.9974591836799
15.7012220104225
16.1809973192867
16.0473041837104
16.1095777403098
15.8081829964649
15.6640611647163
16.3473997262772
15.6770707250107
16.086210725829
16.4725565495901
16.0340993138961
16.3109162545297
16.1509065111168
16.27098110714
15.5345583152957
16.0586602811236
15.6200873670168
16.1862996281125
16.4141256611329
16.0603497603443
16.0755760448519
16.0167501550168
16.1580485822633
16.0883965801913
15.5799245799426
15.656136253383
16.4850813674275
16.4918297973927
15.7947561906185
16.2887124645058
16.1868310652208
15.9008266634773
15.8968411360402
16.3874139406253
16.3220780955162
15.7652450397145
15.6811708740424
16.4564740674105
16.3373998422176
15.8466526318807
16.3420864418149
15.5101301828399
15.7145419239532
16.413734979229
15.5486553451046
16.3712309442926
16.1557880060282
15.7193718783092
15.509437143337
15.5792144953739
16.2674508516211
15.5332878560293
16.2749520642683
15.8939596300479
16.2848172585946
15.5333322957158
15.8661515780259
15.7076884398703
16.4659125376493
16.0649660073686
15.941115951864
16.3038681165781
15.6656332775019
15.7061185622588
15.8485866775736
15.9508149076719
15.6031767327804
16.1006184618454
15.6005779078696
16.4571861091536
16.0809744393919
15.6688943800982
16.0185711332597
15.5543228397146
15.6818746277131
15.5324744703248
15.9134484047536
16.2108047315851
15.9382942167576
15.9760303508956
15.8797047215048
16.279968342511
16.4615772031248
15.9439984140918
15.7765765190125
16.1528749417048
16.2547240352724
16.0887063818518
15.8668980705552
16.0093910261057
15.64422911359
15.7666545356624
15.6738209126052
16.3965272952337
16.0623431326821
15.8424543179572
15.7837296803482
16.247538483236
16.0628501947504
16.0653859954327
16.1333318289835
16.4625865919515
17.2689412040636
17.2615241766907
16.6527221475262
16.8677979679778
17.4136157941539
16.9963501468301
16.5277347269002
16.9501393854152
16.5271877180785
16.5182709295768
17.37196247885
17.4551888892893
17.3927384191193
17.356308729155
16.6235330754425
16.7216547387652
17.1902721775696
17.1487721258309
16.591445192229
17.0955695847515
17.4443782379385
16.6286576529965
17.0247018889058
17.4318757080473
16.9419820662588
16.9019716132898
16.8655225003604
17.0728299773764
16.6061674009543
17.1572138320189
17.3004791578278
16.6600811390672
16.9991498063318
16.6388657728676
17.1885982102249
16.980641926406
16.7078128748108
17.2177213355899
16.8334210712928
17.0294273840263
17.0934987487271
17.2598890119698
16.5396959094796
17.1311799522955
16.670349805383
17.2072565858252
16.7647222746164
16.5803224456031
17.2132072695531
17.2508141221479
16.6702255255077
16.7148221596144
16.6368552900385
16.8207047870383
17.1596533132251
16.9582466033753
16.721783839399
16.5496916156262
17.3429674953222
16.9603559768293
16.5446690639947
16.83002010989
16.8504820233211
16.7362209986895
16.7093228262383
16.7895849689376
16.7998300432228
17.3935240039136
17.262660629116
16.6040293686092
17.2586695484351
16.9147337856703
16.7210356765427
16.5067186998203
16.5302505425643
16.7501018368639
16.720494979294
16.8080809917301
17.4088925838005
17.4385027736425
16.9919046049472
16.668020266341
16.68889455311
16.6915552215651
17.003481938038
16.5811121538281
17.2946965505835
17.071347230114
17.4689296071883
17.375768768834
17.2058531600051
16.6153546776623
16.6609923474025
16.8351543345489
17.4886091854423
17.4140789425001
17.0350971801672
16.7468936925288
17.422346818028
17.2534896170255
17.4035073134582
17.1515481560491
16.5207791626453
16.59587902762
17.4495869642124
17.3881765885744
16.95623399131
17.2867438609246
16.7010267567821
16.8127032006159
17.02976180939
16.6829994372092
17.0324056411628
16.8481135857292
17.0102481618524
17.292195686372
16.9412105511874
16.7862922439817
17.4335603227373
16.5304510646965
17.3489856007509
16.9431827196386
17.132075233385
17.279914357001
16.7804739128333
16.6232040566392
17.3934331869241
16.9059733019676
17.2551082305145
16.6108172624372
16.8383093136363
17.0464931910392
16.8121320467908
16.9472945570014
16.9042810713872
16.9865642609075
16.9391680352855
16.7668636271264
17.1518778365571
16.7390494730789
17.3133156227414
17.308244503336
17.0890447478741
17.041866859654
16.546547611244
16.9258556906134
17.1406398213003
16.5006563479546
17.3663883605041
16.6010451705661
16.595739741344
17.2772403710987
16.5295114114415
16.8420718803536
17.2863158739638
16.6134625256527
16.8502527570818
16.8302138817962
17.1966766696423
16.8536143023521
16.9061790679116
16.8080298986752
17.4592029345222
17.190268852748
17.3857395113446
17.4358551395126
17.244079901604
17.3384461568203
17.2993567835074
17.3936402923428
17.3311370029114
16.8707501012832
17.3719797658268
17.3007615969982
16.6772845436353
16.66327769286
17.4444891053718
16.9446376014967
16.5783925901633
17.4855716242455
16.5158382183872
16.9948825070169
16.9266262443271
16.880065433681
17.2369443832431
16.7795383522753
17.1562838719692
17.2797261027154
17.2220525057055
17.4824060443789
17.0433227170724
17.159887838643
16.7750393613242
16.8969441247173
17.059184578713
17.4809502954595
17.4649667760823
16.7180398683995
16.8931708696764
17.371084483806
17.1915888634976
16.8367515369318
17.1904816739261
16.6534502422437
17.3903988075908
17.38844602881
16.6380033474416
16.5359492159914
16.8550171498209
16.8789460782427
17.114776698174
17.0061894406099
16.8379551330581
16.8291296530515
17.0732970384415
16.5507100436371
16.900962987449
16.7606310436968
16.6686996838544
16.559731005691
16.5525821361225
17.4727702478413
17.2946075901855
16.5316677016672
17.0432848050259
16.5175970334094
17.2766698980704
17.257301493315
16.5105481466744
17.3179140819702
17.3563458765857
16.9223096976057
17.1342957052402
16.9180750255473
16.8246643501334
17.2657872259151
17.2046555131674
17.4190513570793
17.1101365513168
16.5558548604604
17.2361521350686
17.4039679183625
17.2018148798961
17.0776995082851
17.0658392510377
16.8671755059622
17.0569217095617
17.397090169834
16.7722306072246
17.3263331654016
17.1759956625756
17.3993669091724
16.7966598134954
16.8854644168168
17.4053496769629
17.2811764106154
17.0425509177148
17.11628018599
17.4257361160126
16.8025084354449
16.8632352137938
17.4605609502178
16.9195762854069
17.0642395031173
17.3004763331264
16.9781949587632
17.3716635326855
17.2015874246135
16.6283666382078
17.1516335648485
17.299508373253
16.74016515119
17.3639953329694
16.9787948571611
16.829741615802
17.4954256159253
17.2595422144514
16.9710649566259
16.7575843699742
16.8835112275556
16.7979536119383
17.2686262843199
16.9297404729296
17.1559668981936
16.7426568809897
16.7951845997013
17.4299193618353
16.6394657357596
16.9823611795437
17.3017257086467
16.8352981226053
17.0473009278066
16.5506137637421
17.1851848352235
17.0260165685322
16.8854014640674
16.7180781683419
16.5492560362909
16.8386038513854
17.0275428404566
16.8600995335728
17.491589037003
16.5463581129443
16.5719018939417
17.1763672304805
16.6623596125282
17.0803737926763
16.5907658538781
17.1560991611332
16.8575065832119
16.7340254802257
17.4164303359576
16.5305550002959
16.9390740415547
17.4736903212033
16.8991408075672
17.4197698656935
16.5987638756633
16.8206670100335
17.0260190623812
16.5733354249969
17.3497417517938
16.9230580090079
17.488096073037
16.9788741287775
17.4056940055452
16.5185059309006
16.6921438220888
16.8843070205767
16.8074364240747
17.028291253373
17.2282256816979
17.4535565343685
16.9959941271227
16.632017247146
17.108468755614
17.4918685795274
16.5947096680757
17.3952834571246
16.834860897623
16.9721784659196
16.6771179698408
16.8516550282948
16.6765591155272
17.1530457781628
16.736101077171
17.3971640043892
16.8391476080287
17.4237961117178
16.9977388526313
17.0698413795326
17.2367797389161
16.7148275200743
16.8053127576131
17.3634998612106
16.6957200542092
17.3509455015883
17.446970957797
16.7745611120481
17.3398560495116
16.6438557656948
17.2570503712632
16.94612656557
17.4554317763541
17.1353250604589
16.6641009869054
16.9069694352802
17.4797600267921
16.6469390587881
17.3899851848837
16.6967034875415
17.1205870718695
17.2925409930758
17.233795536682
17.2517203395255
17.0244563592132
17.1299516235013
16.9558772447053
16.7540048300289
16.5574859934859
16.9353031979408
17.2711349804886
16.6291554460768
17.4839162628632
17.3141769329086
17.4816809010226
16.5363396902103
17.0674140593037
16.9017182702664
16.9570463178679
16.9033243900631
17.0722064818256
16.7602509530261
17.3740875625517
17.4930872519035
17.4302022175398
17.4865280450322
17.1583426662255
16.8023853495251
17.3674201818649
17.1712595610879
16.9891996209044
17.1285839099437
17.1906600708608
17.1722914853599
17.3821177494247
17.1877381980885
17.499863459263
16.7505363265518
16.9784665529151
16.5151006982196
16.7520197825506
16.8266581406351
17.1721320122015
17.2484413038474
16.8424355036113
16.7802598278504
17.2373781139031
17.126969395671
17.133541706251
16.7159814911429
17.4059410293121
17.0862459396012
16.6685838587582
17.1831976918038
16.6139906628523
17.0278850416653
17.4415096032899
16.6489464440383
17.0891215237789
17.3782764496282
16.6781572066247
16.9708335476462
16.6414623493329
16.5993826135527
16.7903514541686
16.7454759983812
17.222559324
17.0362745539751
16.7990011726506
16.6997004100122
17.4101770636626
16.5329712047242
17.0963244251907
16.6509050088935
17.0776482631918
16.9544766531326
16.9938087740447
17.0262071203906
16.8830128898844
17.4288978960831
16.9334178511053
16.7447624779306
17.3762572715059
16.6826599177439
16.5903237543534
16.7391598697286
17.3614304899238
17.3325555075426
16.8629126455635
16.6879071355797
17.2687459674198
16.9407884473912
16.9767092384864
17.4806569600478
16.5891814369243
16.5973854917102
17.1356687599327
16.6985389890615
16.7616051512305
16.818762333598
17.3695766965393
16.5520885842852
16.7039108537138
17.07225858327
16.53690574551
16.5180922632571
16.6965497224592
16.8409774915781
16.7836532921065
16.6863340684213
16.7044217132498
16.7318530171178
16.9061018396169
17.3671695115045
16.7758126207627
17.252554503968
16.8406307867263
17.4601033339277
17.1285409312695
17.3453131965362
16.6222836265806
17.055707331514
17.2764258028474
16.7593793733977
16.9989803689532
17.0844167468604
16.9847530412953
17.108539856039
16.5208632645663
16.8827998430934
16.8816199109424
16.5674072960392
16.7892264013644
17.2647429062054
17.3015847622883
16.7040312464815
17.417860072339
16.6021610680036
17.3908846008126
17.0134312293958
16.6327817616984
16.8379823183641
16.7130003552884
17.3287021841388
16.9643343791831
16.8362534807529
16.6446503587067
17.3680710431654
16.55432262877
17.1138830846176
17.285630304832
17.079446654534
17.0271694813855
16.9105134136043
17.2305231585633
17.3836000605952
16.6144750553649
16.8241477441043
16.8667570133694
16.753948567668
16.620749427937
17.082967506256
16.7034348747693
17.0797523185611
17.0906479402911
17.4771866635419
16.7075381847098
16.7427460192703
16.660246446263
17.2891687015072
16.5957476415206
16.9562902485486
16.5757544871885
17.4375497931615
16.694110536715
17.2145788134076
17.4557906915434
17.2418580709491
16.7560302701313
17.1125322701409
16.6328180124983
16.6801932349335
16.5799355178606
16.7711811356712
16.9401283997577
17.2114582327195
16.8467879709788
16.6504681364167
17.0995062545408
17.3906183275394
16.8887009432074
16.5981341134757
17.3072118423879
16.6180842809845
17.2642655551899
16.6262543259654
17.3545317880344
17.0367687072139
17.0961917501409
17.3630542331375
17.3674381836317
16.5590932832565
17.9694896915462
17.842481704196
18.3245706693269
18.0292904512025
17.9372355998494
17.5564257903025
17.747774575837
17.8980863480829
17.6112132810522
17.9216225701384
17.7391892317683
18.3505322916899
17.7270251698792
18.2477123248391
18.2177186154295
17.595164871309
17.9792247258592
17.6271420500707
17.7642370050307
17.7270417888649
17.6845032104757
17.5172559637576
18.4348202652764
17.6210398946423
17.9064256437123
18.2891678570304
17.6058684885502
17.8415946166497
17.8335944246501
18.2744019369129
18.0371671579778
18.287171488395
18.297589224996
17.7239058946725
17.9661575381178
17.8223439655267
18.0445300301071
18.4715694251936
17.6493010192644
17.8636828097515
18.287106834352
18.0866091318894
18.0397894780617
18.3738860089798
18.2694265847094
17.9508374996949
18.4390540674794
18.0585890528746
18.0710001250263
17.6073091202416
17.8887622107286
18.4774780054577
17.7214519521222
17.7200632635504
17.7821709911805
17.6192211753223
17.6801336607896
17.784447416896
18.1442755761091
18.4603550266474
17.5710949900094
17.5379184696358
17.5404609409161
17.9169247993268
17.7522641436663
17.6085932364222
18.3608794494066
17.6513924167957
18.0488797924481
18.0107245228719
17.8105650271755
18.1829777606763
18.2484398207162
18.4525184566155
17.8626145678572
17.8462935297284
17.9542303306516
18.1687046966981
18.0290917479433
17.5028211879544
18.3618733556941
18.0568856701721
18.4019198671449
18.4503259698395
18.4001683222596
18.1939464460593
18.3362238756381
17.9631887101568
18.1290996850003
17.9391008273233
18.4699211309198
17.7795488894917
18.4794687838294
18.1829252010211
18.4080061144195
18.1699788856786
17.9130646085832
18.431386237964
17.6491589329671
17.517021660693
18.0765008493327
18.0087410414126
17.7893665386364
17.7764025914948
18.1083383793011
17.890518135624
17.7909836422186
17.8859357240144
18.3215426262468
17.7329800506122
18.4857181445695
18.115445851814
18.332475731615
17.7366159311496
18.2709013433196
17.5587735532317
18.014899645932
18.3610125950072
18.4854021423962
17.8967622607015
17.9682835850399
17.9206555183046
18.4156348449178
17.9823143770918
18.4424083230551
17.6241788584739
18.0637079395819
18.2312367144041
17.5005705221556
18.1283555852715
17.8707262456883
17.5857618749142
18.1761967570055
18.1091577457264
17.5960991012398
17.8989047068171
17.5983217679895
18.294567694189
18.3176325543318
17.9050144138746
17.5025872802362
18.1085804034956
18.0923369249795
18.4101574528031
17.8939510115888
18.4642002768815
17.7550939803477
17.6407717959955
18.0252544239629
17.9540666555986
18.0217223740183
17.5856974001508
18.0975494950544
18.1835156420711
18.0493564354256
18.1202254684176
17.7962361807004
17.7844997227658
18.1019827623386
17.6676721198019
18.4173871385865
18.4909104229882
18.2476683645509
17.9925386093091
18.4328098034021
18.1170389961917
17.8917040633969
17.69637799263
18.2200788778719
18.4341720733792
18.1926438871305
18.3885809301864
17.7286658671219
18.0465689501725
17.7069991915487
18.0370497819968
18.4692777772434
18.3032339066267
17.7040468240157
17.9006468614098
18.3291248758323
17.9411270173732
17.8950532434974
17.530888692243
17.635866106255
18.1771844241302
17.5624880669639
18.4975382138509
17.6138490170706
18.1253325005528
17.5255865557119
17.5687424391508
17.6883372995071
18.300191444112
18.3348242170177
18.2246877106372
17.780629894929
18.1429027030244
18.4587858812883
18.0371090446133
17.9314533183351
18.224118740065
17.6741241288837
17.8203243811149
17.8879777383991
17.5544939073734
17.7779245644342
18.2154537870083
17.8285460823681
18.101455149008
18.0239208173007
18.3605491279159
18.0327692639548
17.6114219052251
18.275893481914
17.5629397972953
18.2052852676716
17.5492558798287
18.2813166589476
18.2841392625123
18.0525757397991
18.3551084063947
17.7098720448557
17.7300552504603
18.1734104305506
17.9447833604645
18.1600653445348
17.5778218938503
17.843248273246
18.3074548002332
17.8489753552713
17.552082400769
18.3632828008849
18.0569194543641
18.4099553360138
18.261296632234
18.0455418427009
17.977882002946
17.8474313532934
18.0682078043465
18.4507691871841
17.7613790098112
17.6068054414354
17.753757920349
17.6809038680512
18.0313889200334
18.3023495413363
17.9794951861259
17.6774015631527
17.8971333445515
18.3142269926611
18.4413570764009
17.6733499339316
17.8549407995306
18.2050400413573
18.4592409199104
17.9278014099691
17.6359153178055
18.3137412392534
18.3068449604325
18.4081103547942
18.203601886984
17.9587965197861
17.5816244133748
18.2307439721189
18.4326815153472
17.5359482921194
17.6070394425187
17.8963889277074
17.6522837432567
17.6131122275256
17.7861522019375
18.0810097218491
17.641628384823
17.9944173397962
17.8602843971457
17.9070264308248
17.7811819864437
17.9253134294413
17.9635015898384
18.3292696545832
17.8590942525771
17.9387990457471
17.5072597151157
18.4681479106657
17.8374980825465
17.5284441991244
17.8565427300055
18.1403145531658
17.7866335776635
18.4827652049717
17.5823013337795
17.6280308184214
17.7635509811807
17.7129416274838
18.4464028296061
17.845473791007
17.9054226230364
18.0365413515829
17.775828687707
17.9056714088656
17.9355091883335
17.8220541588962
17.5034356892575
18.4729690738022
17.612912589917
18.0485721952282
18.3722973803524
18.3625945600215
19.1105436997022
18.5014780960046
18.824025955284
19.3704432805534
19.0068344587926
19.4052399508655
19.4863147649448
18.8146870655473
18.51283630752
18.9110444807447
19.2740809258539
19.4523188378662
19.2263657746371
19.0164391591679
19.2339548305608
19.3504056637175
19.3183862161823
19.2216140064411
18.941471767379
18.9371103683952
19.3359352650587
18.8851106544025
19.1744154326152
18.5778185459785
19.3289767145179
18.5162454729434
18.6126932308543
18.9910245127976
19.1829870527145
19.1063317593653
19.3972596579697
18.8074928908609
19.0424655547831
19.2359167695977
18.6561521010008
19.1824515408371
19.3807794903405
18.8666801329236
18.5330144132022
19.0197800530586
18.6127143974882
19.4023852781393
18.7199716686737
19.1234765013214
18.863139717374
19.2885998543352
19.4536392746959
19.1865372958127
18.5109916639049
19.4577867933549
18.9981033089571
19.0407934517134
18.5598330555949
18.6611268797424
19.2579936988186
18.8225997760892
19.1184480451047
19.093928179238
18.548124833731
18.893811998656
18.8115981188603
18.9326804217417
18.8594910064712
19.2469328427687
19.4524562153965
18.7190070934594
19.3267370350659
18.5274756415747
19.4476845506579
19.4782736664638
19.313566470053
19.1682951878756
18.7977041867562
19.3531797525939
19.3462503205519
18.8774766190909
19.367635844741
19.0372935405467
19.0775370837655
18.5156519564334
19.4112624891568
19.1398257499095
19.0540489319246
19.1800593624357
19.4399618238676
18.682285688119
18.9447658862919
18.7982813676354
18.9519721525721
19.410457347054
19.2740581161343
19.1806202929001
19.1297865444794
18.90009350935
18.5545396546368
19.1439747901168
18.719813041389
18.5890372835565
18.6307512088679
19.3793885090854
19.1520402522292
18.5281480583362
18.6310630678199
18.6575951420236
18.9734761286527
19.2506978807505
19.3402839191258
19.3754055609461
18.5110687566921
18.5415691805538
18.7113589141518
19.2261828512419
19.2941190449055
19.1336929660756
18.6497605189215
18.9859278346412
19.2489431279246
18.7656033502426
19.2586781084538
18.6960068522021
18.8774320008233
19.0603189200629
18.9526414726861
19.3861630873289
19.0887866311241
18.5682992786169
18.6305422410369
18.6467730633449
19.3603166951798
19.4492760153953
19.3964432955254
18.6136517310515
19.2933859520126
18.5043177721091
19.1981399096549
19.0069664847106
18.7694441031199
19.1346498085186
19.4976566024125
19.0050743438769
19.4332329996396
18.6912088871468
18.9847625445109
19.1341256480664
18.7023031320423
18.9296019107569
19.1706884538289
19.3215878619812
18.8586911933962
19.1182715559844
18.8470696022268
19.2559665651061
19.0654269047081
19.1275880329777
18.8922145569231
19.1583818884101
19.1831062473357
19.2763255555183
19.2676564226858
18.5110934360418
18.7308132899925
19.1977144372649
19.4039487901609
18.5889520738274
19.1627002165187
19.1417572605424
19.4338846874889
19.4057034666184
18.5282599737402
18.8269662116654
19.3663508722093
18.7094979509711
18.9898572929669
18.965626492165
19.0320635552052
19.4435650170781
19.0362583580427
19.0402475688607
19.1388178365305
19.0591293708421
18.5611279506702
18.7923835932743
18.9836248438805
18.7988622565754
19.0337553699501
18.9443807364441
19.2926722855773
18.55598377157
18.8650290111545
19.3914179515559
19.0192399586085
18.8686409974471
18.9175626910292
18.522696062224
19.0904885600321
18.9930354629178
18.6029071107041
18.9047903872561
18.5524687760044
18.5365673368797
18.7310961468611
19.4798027302604
18.5462939788122
18.6319506443106
19.4284404455684
18.5879400612321
19.4425855404697
19.174114161171
18.5038287381176
19.349251258187
19.0155908435117
18.9223498152569
19.3596117568668
19.0899088061415
18.5638678425457
18.6351874226239
18.9111147681251
19.3302812757902
18.887132702861
19.1227952593472
19.1052724448964
19.0402270359918
19.0843694913201
19.272804728942
19.1982195565943
19.341093179537
19.4775121724233
18.7319270458538
19.3573060673662
19.1847045207396
18.8001914948691
18.6612214315683
19.2672343710437
19.4871116334107
19.3580974314827
19.1760698074941
19.3117145725992
18.9857147631701
18.9605728792958
18.8119103338104
18.5205816389062
18.9127149446867
19.4799998844974
18.6354027751368
19.2306759369094
19.0253040571697
19.4615994163323
19.220230341889
19.4106163862161
18.80385016324
19.1286679641344
18.7082374426536
19.3504987028427
18.55162265338
19.2632759234402
20.2152899331413
20.2677571931854
20.1307284566574
20.3165235396009
19.9163177867886
20.4377216270659
19.7907832725905
19.6140161480289
20.1019358965568
19.5253674585838
19.5845331076998
19.8336106494535
19.5704086690675
20.2050798477139
19.5741995039862
19.8250137793366
19.8589419208001
19.8883326165378
20.2854433711618
20.1043482397217
20.2625897531398
19.7358604427427
19.7859846767969
19.8175566690043
20.421906708274
19.9504368223716
19.6259479012806
19.6439860921819
19.8110706550069
20.4752889231313
19.7317632737104
19.5382028366439
20.0632569862064
20.3184629585594
19.5399563447572
19.5301193404011
20.3819578378461
19.5962230737787
20.3862900091335
20.3799591462594
20.3358761020936
20.0572437290102
19.9673266340978
20.2641139689367
20.376213284675
20.2019524313509
20.1867986654397
20.1368704016786
20.3311825080309
19.8651015502401
20.0705569786951
20.1301522420254
20.1149526003283
19.536818969762
19.5172858156729
19.5680118638556
19.7952719915193
19.6267040381208
20.3447147251572
20.0828926290851
20.0403317885939
20.0644098795019
19.611477636965
20.0032651964575
19.6689364009071
19.8304364182986
19.7891746468376
20.3718617123086
20.4830759223551
19.9497398801614
19.9287372312974
19.7987117348239
19.7595493316185
20.2933505859692
19.5181931650732
19.534577911254
19.5285940209869
20.068425016012
20.389193500625
20.0548569613602
19.6973234547768
20.2924305580091
20.4475129335187
19.5712402206846
19.8710389952175
20.1697651271243
19.5099983566906
20.2498938813806
20.4858462419361
19.7739096577279
19.6395196523517
20.4764042433817
19.8063016319647
20.0694241134916
20.0382075272501
20.4614592741709
19.9521761222277
19.8786709802225
19.5644230844919
20.1710256733932
19.5654471057933
19.7019689073786
20.4185832450166
20.4568852800876
19.7393416336272
19.906939328881
20.2961472880561
20.3806285962928
20.4561591686215
20.1271942208987
19.7179408029187
20.0255977762863
19.739814594388
20.4406498111784
19.5231360632461
20.1347123296
20.4712753428612
19.6073245368898
19.7247625698801
19.6462227418087
19.8527317263652
19.8334411559626
19.5862908954732
20.4711490601767
20.2709436579607
19.5301099128556
20.4464075209107
19.9714438382071
20.0899387558457
20.4872202400584
19.8443883717991
20.1618747950997
19.5475011996459
20.380997015629
20.4319800054654
20.4549137454014
20.2553703570738
20.3285547532141
19.9836569218896
20.2254218636081
20.3857718475629
19.5624301570933
20.402944783913
19.5282520765904
19.8219628552906
19.6281493776478
19.6101419138722
20.013342239894
20.3322931609582
19.945708966814
20.2559114918113
20.3997295247391
19.8080472273286
20.0568540231325
20.4991946788505
19.7020942452364
19.5053999614902
19.8040863724891
19.99675341486
19.5283771625254
20.372602669755
20.4340786456596
20.4308759411797
19.5465287743136
20.3354293555021
20.3358895357233
20.0589668329339
20.3811505183112
20.2849173313007
20.4044057345018
20.2114348059986
20.0755039828364
19.9890725871082
19.7042821147479
19.6902229567058
20.338384618517
20.3880539054517
20.0677782637067
19.8627004760783
19.7311140510719
19.884228762472
20.0724399948958
20.0999191368464
20.2944546092767
20.0045869299211
20.0401519555598
19.5240896218456
20.2772291693836
19.8349348937627
19.9684780922253
20.2298312017228
20.2447189858649
20.3908038004301
19.8006323669106
19.6018985195551
19.6906895330176
19.7576666802634
19.7726245380472
19.5072795150336
20.4179063583724
20.3405081662349
19.877059336286
20.0020399922505
19.832168674795
20.2855352261104
20.2816249399912
19.7866522306576
19.8876158171333
20.0846586986445
20.4941502234433
20.3357358858921
20.2268553427421
19.9074299498461
20.4585263526533
20.301964900922
20.2048519505188
20.243434723001
19.5411616840865
19.5558531857096
20.3967904141173
20.1215001589153
20.2156109125353
19.5064597253222
19.6508103711531
19.890337652294
20.2141618761234
19.7903255997226
20.3373315508943
20.3094964232296
19.6818676942494
20.115423773881
19.5981720706914
19.7751795649529
20.2801457759924
19.9375421982259
19.7219722813461
20.0730658590328
20.2804865974467
19.6555224312469
20.3471297670621
19.7483018110506
20.302099082619
19.6069903748576
20.0790442836005
19.5623896184843
19.5907182868104
19.7999514963012
20.1408301526681
19.9926090657245
20.0553141799755
19.5584233943373
19.8429119607899
20.1800546669401
19.9343857492786
19.75212142081
19.6464282702655
20.1221309935208
21.0796774050687
21.0566776082851
20.5243488457054
20.8541892450303
20.8778889640234
20.5258919151966
21.1764273399021
20.5550569642801
20.543264717795
20.5055322106928
20.706780816894
21.4134085166734
20.8410961928312
20.8591745656449
21.3662595839705
21.4735904661939
21.4802583954297
20.57271237229
20.961705907248
21.43081730837
20.6301905848086
21.35906312312
21.020018735202
20.7243786558975
20.9271324106958
21.262412854936
21.0938283042051
21.219509370625
20.7840913364198
20.9416749721859
21.2513883518986
21.4340923416894
20.5714133388828
20.8899180484004
20.6276254344266
21.4787065410055
20.6611711292062
20.6158989786636
21.2860697291326
21.4052935475484
21.0998701022472
20.8001366574317
20.7260461277328
21.1384240482002
20.7790248543024
20.9714304739609
21.4228356126696
20.9470396290999
20.6761266991962
20.9649075816851
21.3671367706265
21.3206353108399
21.4459266734775
21.0125403886195
20.6052263502497
21.4129157019779
21.4897059157956
21.0451808755752
20.9122315510176
21.0691877228674
21.435180360917
20.9786745747551
20.9447591023054
20.8355065400247
20.5619698725641
21.0823509877082
20.6724155882839
21.3396262421738
20.7813231255859
21.2921368130483
21.229115832597
21.3403762837406
20.9948080070317
21.4584294364322
20.5768314378802
21.139469825197
21.347690366907
21.0618756301701
21.0838705231436
21.4397631818429
20.8044025215786
20.9744573931675
21.3294570303988
20.6566747247707
21.4318320616148
20.6859565651976
20.7928234525025
20.7563901597168
20.6105387385469
20.5758171298075
20.5385264467914
21.4219315217342
21.234411330428
20.7762942945119
20.8515303095337
21.36842391151
21.2705492619425
21.4914390956983
21.4776806847658
20.8433687330689
21.393299239222
21.1443491950631
20.7940573501401
20.7825465793721
20.555148402229
21.4982455014251
21.4606097198557
20.6403128516395
21.4566023324151
21.3806996094063
20.732670544181
21.3077412389684
21.4273090125062
21.3241162241902
21.3527971794829
21.3472431858536
21.287992113037
21.2300535824616
20.7868083145004
21.2284692910034
21.0470378047321
20.6859575845301
20.8531263575424
21.1743783319835
21.3206986426376
20.8539372195955
20.9151534375269
21.4977456305642
21.3683319292031
21.2680357710924
21.0065336206462
21.2996912552044
20.6264710270334
20.5132211919408
21.3577324990183
20.5921776550822
21.1272111390717
20.6643685824238
20.7562992183957
20.7785763805732
20.7178771358449
20.7850131385494
20.6700790831819
21.2400958582293
20.9901032212656
20.9062092723325
21.3851549422834
20.8826310182922
21.2626721758861
21.3828908165451
20.8314757156186
20.5174748271238
21.2810253698844
20.9707908607088
20.5503344901372
21.3060419943649
21.2498820158653
21.3587471346837
21.4158092150465
20.9184530097991
21.3481117240153
20.832284449134
20.6454931951594
20.927703554742
20.7897619258147
20.8332055869978
20.8892441454809
20.8355606466066
20.6090290301945
20.587896955898
21.4044857209083
20.9220722645987
20.5308967877645
21.0925525927451
20.9403760726564
20.7886932422407
20.9272345157806
20.6327843756881
20.9688888594974
20.5514836322982
20.9835348101333
20.8490731860511
21.3779437604826
21.4575224553701
20.8273580532987
20.7882513932418
21.474585211603
20.7621728864033
21.3063650657423
21.4972936366685
21.358123119222
20.5251586968079
20.5389354524668
21.0566684820224
20.7196602700278
21.2468144395389
21.0484519421589
21.8161018306855
21.6981908408925
22.3817320209928
21.6613638708368
22.289716308238
22.4217582477722
22.0212606391869
21.5203643825371
21.6215352502186
21.7203054314014
22.1267849588767
22.2165034124628
21.8741874147672
21.930000867229
21.6878221663646
21.6706809820607
22.0601218547672
22.4520056911279
22.2188280259725
22.1110785792116
21.9684499704745
21.5259514320642
22.3019946978893
21.8295341320336
21.5060189084616
22.4428502696101
22.2698877127841
22.4761593767907
21.7840017548297
22.2482549636625
22.1127673408482
22.0128014306538
22.3744372385554
21.513281904161
22.0554956600536
22.4240965796635
22.0354298830498
21.7278492504265
21.5042672392447
22.1747420064639
21.6117601057049
21.6147858714685
22.2731173713692
22.2259709571954
21.5783975780942
21.5051084849983
21.9552599985618
22.4890256349463
22.1194482452702
21.7373728780076
21.8616646402515
22.2426223228686
21.6973173355218
21.5262142333668
21.5719839727972
22.0818325823639
22.1042070647236
22.4826049041003
21.5282371218782
22.3621388189495
21.6774228110444
22.1596227467526
21.9555816710927
21.8157937922515
21.6672137042042
21.9298823322169
21.9352990025654
22.4988133083098
22.3051562039182
21.8369113712106
22.0072199704591
21.7904895953834
22.0545883253217
21.7659109588712
22.445077045355
21.6267656311393
21.9556888893712
22.154302526731
22.112352547003
22.0689442672301
21.5236329433974
22.3833868931979
22.0122616374865
22.1707300078124
21.7236258322373
21.6027294150554
21.6104736200068
21.8758965777233
22.3419167313259
22.0386203227099
21.9914068761282
22.4878313380759
22.3277525813319
21.6466711654793
21.6818093794864
21.9072447028011
21.5081483481918
22.2862977078184
22.0647163952235
21.7652641141322
22.3272129758261
21.8247155582067
22.4945299313404
21.739496344002
22.3125119449105
21.5366195442621
22.3555270293728
21.5011619981378
21.7690304610878
21.961208982626
22.1379013862461
21.5973528381437
21.8172765548807
22.0758077360224
22.1635080582928
22.2913513132371
21.6182938101701
21.731169059407
21.8505820315331
21.958335949108
21.5721909771673
21.7433690719772
22.0182545022108
22.0012544388883
22.1745297880843
21.6995401293971
22.0229527833872
21.7469786391594
21.7615110501647
22.3012218179647
21.9056763541885
21.7662996745203
21.5502015422098
22.3118524516467
21.9119333110284
22.0894514552783
21.5379020404071
21.7873670344707
21.9938302431256
21.7918156811502
22.4600310807582
22.1294878399931
22.2593479130883
21.7255824664608
22.4306992825586
22.37801841693
22.411954281386
21.8903612166177
21.8707159101032
21.7922251061536
22.1418838249519
21.8899973330554
21.5338000932243
22.0839801861439
22.3142795900349
22.0722808982246
21.7360319746658
21.6136313497555
22.3265218590386
22.4399730188306
21.5306616220623
21.5411253825296
22.3743097549304
21.8522202670574
21.8074852607679
22.3711818861775
22.4230511602946
21.990252809599
21.9922849605791
21.6850234973244
21.7617128456477
21.8482472246978
22.1908534814138
21.6403723098338
21.976776043186
22.3326198100112
21.7655863822438
22.2752347334754
21.685494924197
21.890233527869
22.492025062209
21.6467959249858
21.6711457665078
21.6326642746571
22.2119708291721
22.4118517499883
21.916281843558
22.2848354750313
21.6543734867591
21.5122919178102
21.5822354448028
22.019093003124
21.5682925025467
22.3105923342519
21.579855440883
21.654718979029
21.5672961501405
21.9370498245116
22.2536894592922
21.5121625945903
21.9064208567142
21.9116528106388
22.4772035293281
21.7214068181347
22.2367111069616
22.3237531948835
22.4503439357504
21.5985238691792
22.192418950377
21.7842263870407
22.3010750343092
22.331794714788
22.1798385584261
21.9160394321661
21.8438217490911
21.7968746765982
22.3221336053684
22.0008798560593
21.9967863012571
21.8643619315699
22.3493814810645
21.8135325761978
21.7121083948296
22.0857934586238
22.3423668507021
21.6253839079291
21.8775303838775
22.1716037122533
21.6877684604842
22.0047590236645
21.5272868473548
21.996297850972
22.4473517108709
21.8811821339186
22.1982137262821
22.1887658084743
21.9777306767646
21.7733476141002
22.2569163322914
21.7475320606027
22.0213394833263
22.1128432408441
21.5950499763712
22.0657587638125
21.5168741615489
22.6998788823839
22.9175838008523
22.705506088445
22.8772214069031
22.5764517178759
22.6449739956297
23.0535919540562
23.1617425607983
23.2356475044508
22.8762094175909
23.3687571526971
23.295470046578
23.3218030219432
23.4016953124665
23.4825073413085
22.7659510804806
23.2870983704925
22.6907470300794
22.5037491016556
23.056995858904
22.9097492762376
23.4229488002602
23.0210634837858
22.5413925978355
23.0658512513619
22.7011825796217
22.9347148318775
22.7370720535982
23.4868603111245
23.1461031825747
23.2823847560212
23.4914215502795
23.3171411622316
22.8213550534565
22.5980055881664
22.8348716346081
22.5188533239998
22.5442751238588
23.2772062905133
22.6488223948982
22.5384751376696
23.2789746709168
22.5181956617162
22.7280390274245
23.3510476131923
22.8133164567407
23.2660420925822
22.8620294355787
22.6912518911995
22.975161754759
22.7476480528712
23.4473425087053
22.7071354929358
23.3936566028278
23.460227616597
23.4777096868493
22.5677777484525
22.5318395830691
22.9448383771814
22.8217845540494
23.2232553944923
23.3515498936176
22.9866135085467
22.8806258412078
22.9178461316042
23.1247881378513
22.9243316035718
22.7582503103185
23.4584166212007
22.5308180670254
22.7574672903866
22.6137167341076
22.7426634898875
23.4711030516773
23.3522328063846
22.8968204904813
22.9800927983597
23.4631105172448
23.4596734188963
23.3071113137994
23.1554934331216
23.258841523435
23.210887209978
23.447762156371
23.4811890902929
22.5558995229658
22.7454016089905
22.7709338110872
23.4091495557223
22.8770335428417
22.775055379374
22.6782304437365
22.9731128877029
22.8987898791675
22.6316607634071
22.5186322373338
23.1219174638391
22.5782189560123
23.1599571199622
23.229327719193
22.5706880488433
23.0954242565203
22.590797903249
23.4038772133645
23.2420826172456
22.8689903670456
22.9306771170814
22.8502891701646
22.5231301237363
22.8368161318358
22.8705253310036
22.6689418260939
23.1602891755756
23.0983645929955
22.6384776805062
22.6192231078167
23.0192067115568
23.1899093086831
22.7600446806755
22.9294775992166
23.4188957822043
23.2807515535969
23.0824341913685
23.3939746490214
23.2203740524128
22.8386256939266
23.4987510566134
22.833700411953
23.3624374677893
22.98144581425
22.9095640459564
22.7550790498499
22.8204758234788
23.4454867441673
23.1626782836393
22.9746156816836
22.8390315838624
23.3075292857829
23.3787089318503
23.1474241558462
23.2862191800959
23.421566584846
23.1482860336546
22.917213676963
23.1312078894116
22.5037026675418
23.1774300453253
23.2287975880317
22.9785738552455
22.6506522055715
23.1354262141977
23.1905434965156
23.0882149711251
22.6650549999904
22.541824816959
22.9623671537265
22.6682743970305
22.7897973982617
22.8338993953075
22.9029341712594
23.0877052035648
22.7563028938603
23.2526326728985
22.6626056388486
23.1338877021335
23.0778543699998
23.3430723068304
22.6118922519963
22.671440947568
22.8878056488466
22.9111353124026
22.8819566022139
22.5145239024423
22.761534916237
23.3561546164565
23.4593199116644
22.7472850051709
22.5307835503481
22.7601245609112
23.0124387925025
23.4669110870454
22.6133095000405
23.2564131929539
22.5899519557133
22.6408762985375
22.9817717969418
23.1769560480025
23.4856648747809
22.6271688074339
23.4225007798523
23.0551342212129
23.0726978948805
23.3910743405577
22.7568997885101
23.4664131142199
23.4794519578572
23.1249132822268
22.9073018301278
23.2804913795553
22.6863506701775
22.7644701299723
22.5873159151524
22.7212119908072
22.7796007425059
23.7080899570137
24.452351574786
24.3968427721411
24.3612037259154
23.5941450437531
24.211416750215
23.7078803374898
23.5508327006828
24.4278496268671
23.892988628475
24.184387413552
24.3625391724054
23.556240941165
23.8768542222679
24.0943454930093
23.747611920815
23.8422416057438
24.020767793525
24.295389410574
23.7390702627599
23.6220222485717
23.861404055031
24.4249141789041
24.4916905688588
24.0886450442486
24.2091865672264
24.4662457632367
24.3941283011809
23.8548004543409
24.0197276854888
24.0316288745962
23.8243572281208
23.7736917117145
24.2446953975596
24.0650335750543
23.5687100216746
23.9229591456242
24.4291086301673
23.8849702216685
23.9122499031946
24.2311211642809
23.5012542956974
24.2126065448392
23.6923974435776
23.51492391387
23.8394767704885
23.5363455633633
24.4766614362597
24.2218123285566
23.9685203845147
23.5579089615494
23.5689271534793
24.3468692176975
23.8871055266354
24.0302601570729
23.6837878413498
23.9556260977406
23.5577417488676
23.5482779268641
23.7519662966952
23.7512355006766
23.5317150542978
24.288324028952
24.4963618046604
24.3645776286721
24.1095885187387
23.6058727840427
24.2340373171028
24.3116312175989
23.6247771750204
24.3625125463586
24.4024549419992
23.5462886218447
24.1992095604073
23.8503616300877
23.6739612687379
24.0460219883826
23.9571018160786
23.8793650420848
23.8447139735799
23.7475397575181
24.4009007969871
24.1683702126611
23.9350036960095
24.0990060491022
24.3610900600906
24.4639909113757
24.2672535418533
23.76332040946
23.8824030312244
24.0484056060668
23.9800936277024
23.6767801539972
23.6942308850121
23.6906148802955
23.8092426892836
23.8939582195599
23.5813695588149
24.2526552304626
23.8356453638989
24.4237039212603
23.8575977543369
23.8529571546242
23.9136831208598
23.7134778220206
24.4937789591495
24.1027208885644
24.0577132091857
24.3939915194642
23.569730199175
24.2819647504948
24.3236185421702
23.987648943672
23.8866654699668
23.5539362814743
24.4206374695059
23.7545599683654
24.0214399956167
24.3230516701005
24.445947338827
24.3469847461674
23.9931277181022
23.6117869634181
23.7936891689897
24.0694548091851
24.4760746941902
23.7567495680414
23.5859518009238
24.4780546808615
24.1645438855048
24.0884282574989
23.6644556808751
23.5993891032413
24.3835597636644
24.1856147074141
24.1703788912855
23.8156648762524
23.8339261168148
23.8585175916087
23.8528400079813
23.7651472652797
24.3129178499803
24.3748153517954
23.6434365876485
23.667827768717
23.7184993901756
24.494066484971
24.1583127363119
24.3217851414811
24.2734544521663
23.5364702339284
23.5431723294314
23.5562438180204
24.0762286433019
23.9829103683587
23.622671921039
23.8974733224604
23.7604922195897
24.1508153798059
24.4053140007891
24.2401288938709
24.3417171211913
23.5442399126478
23.923272797605
24.3739395465236
23.675364339957
23.8487615943886
24.1218447797
23.9217000028584
24.4433259197976
24.4952325013001
24.3175715438556
24.4009784844238
24.1558425179683
23.9036365184002
24.0301700965501
24.0024810221512
24.3553114696406
23.7540336286183
24.3204124434851
23.8643647499848
24.2908209527377
24.4098338265903
23.7383493527304
24.2232150714844
23.5035770449322
24.2638999719638
23.7853411140386
23.8403825559653
24.4030621426646
24.3775797600392
23.9245403343812
24.3164796652272
23.7617211074103
24.0841873227619
23.5209061289206
23.8960981923155
23.7727980599739
23.7027883497067
24.7094987023156
24.6168929405976
24.7719987372402
24.5889260207769
25.0346280084923
24.7702091727406
24.9073771953117
25.1826646663249
25.396620371379
24.8026014920324
24.558932491811
25.2590592089109
24.5676569011994
25.1118025584146
24.6362912291661
24.7397403018549
24.988389725564
25.0395855088718
25.4851355962455
25.102988835657
25.4146233119536
24.7361436167266
24.8525739109609
25.463099833345
24.7180650066584
25.3727668698411
25.3969003017992
24.8908880189992
25.1209638244472
25.174278995255
24.8377901746426
25.4321219620761
24.9849861927796
24.9867940002587
25.3824450597167
24.9812744394876
24.9579269737005
24.5277696053963
25.0802142673638
24.9947634784039
25.2824247626122
25.0237024847884
24.7938602140639
24.6250581131317
24.5213551393244
25.0017875267658
24.9913548054174
24.6884445745964
25.3891996121965
25.2489044070244
24.9310578366276
25.0019527010154
25.2466590669937
24.9281531171873
24.7919015013613
25.1494660959579
24.6794555366505
24.6703454400413
25.1689826704096
24.8567941051442
24.8501303531229
25.1235093402211
25.3002110451926
24.7390842204913
25.3297090961132
25.1662081440445
24.8406712708529
24.7325835519005
25.0401486735791
25.0106747823302
25.3214109994005
25.2139711731579
25.427799327299
24.5961041259579
24.8457417923491
25.2232144312002
24.8145181015134
25.3540527548175
24.8759180905763
24.9092776824255
25.3868613152299
24.7114562254865
24.7257307714317
24.7974176176358
24.7580828252248
25.2036831055302
24.8996533530299
24.7853880741168
24.597424098989
24.5088885866571
24.8355433302931
25.4514056420885
24.8448892282322
25.4694379873108
25.0238723715302
24.5130347721279
25.251962327864
24.5883080242202
25.4417251516134
24.7462846531998
25.2914058796596
25.288811595412
24.6018166721333
25.2200441400055
25.4337962877471
24.552653784398
25.2901630413253
24.8330947328359
25.0257445897441
25.3408856694587
25.4105344882701
25.0687142258976
25.2060555322096
25.12985568773
24.9387792265043
25.3393174158409
24.7801716479007
25.4529419213068
25.3123497941997
24.9346185282338
24.513512481004
25.4779291409068
24.9384546997026
24.6605479603168
24.6298472639173
24.5638070576824
24.5216856256593
24.7613497602288
25.0880870933179
24.7096093916334
24.9491128181107
24.8327870713547
24.5214827535674
24.9034489602782
24.8898619457614
24.5816700512078
25.1629875984509
24.7542642250191
25.2398506160825
25.4953547352925
25.1157667511143
25.2381655008066
25.2639732023235
24.9054742122535
25.076326550683
25.48403736623
25.1433544433676
25.3485350925475
24.9548571475316
25.3721207948402
24.6499626433942
24.9957670501899
25.0997079166118
25.0431403580587
25.3218779219314
25.3656329757068
25.4885451185983
24.6838688254356
25.8294477257878
25.8805478715803
26.0046882729512
26.0911160258111
25.5167103265412
25.9077210917603
25.7141469377093
26.0889687801246
26.4012693243567
26.4394947357941
25.8996177883819
26.4639447967056
26.2152831559069
25.6913678750861
26.2477577361278
26.0264336797409
25.6711515986826
25.7791844473686
26.0061868140474
26.0363431232981
26.0919377424289
25.9327733654063
25.8776383800432
26.3103946447372
26.0815065279603
26.0548451410141
25.7565601163078
26.1965431629214
25.6244023120962
26.1534251142293
26.2010736444499
25.5565329240635
26.4183289830107
26.221959620947
26.0720636665355
26.0629430841655
25.9723748099059
25.7986962234136
25.8842011564411
25.5558448801748
26.4213235036004
25.7045799100306
26.3643334440421
25.6531258728355
26.4199017880019
26.3870561178774
26.2334011974744
26.2731273444369
26.1079357478302
26.2844473752193
26.1913377491292
26.0740817205515
26.1038563030306
25.8977342410944
25.6150467044208
25.727263760753
26.4842927341815
25.8936845716089
25.626007337356
26.444244859973
26.3295290099923
26.1552186049521
25.6082433990669
25.9269248605706
25.6857020519674
25.9254052385222
25.7391898606438
25.9855336237233
25.6155252733734
26.4063084735535
25.9720608799253
25.8554672491737
25.6978768191766
25.7223898342345
26.0623237332329
26.0836973718833
26.4781738955062
26.1510803520214
26.2696189794224
26.329486890696
25.5453621642664
25.723780141212
26.1835740297101
26.1709462620784
26.0297663377132
25.9508559340611
26.4739575516433
25.7393835845869
26.1932723394129
25.638164390577
25.8980253513437
25.5765593594406
25.6033895830624
25.9984610613901
26.0186595551204
25.740543052787
26.3829710576683
25.8849839568138
25.6856526082847
25.8099226637278
25.7220490465406
26.4806010678876
26.3375712800771
26.4514602851123
26.3203688943759
25.7425194394309
25.8860823053401
26.481714055175
25.8129482273944
25.6470572864637
25.8928753526416
26.392528852215
26.3656838091556
26.1220156534109
26.0233739034738
25.7635813311208
26.102049752837
25.6936185488012
26.4485976134893
26.3312828703783
26.3076772217173
26.3321414464153
26.3882063464262
25.670448687626
26.457319873618
26.2882860226091
25.8772248802707
26.2889957351144
25.9593050377443
25.7203344081063
26.0663954177871
25.5154173122719
26.1760233812965
25.9407922879327
25.807983344188
25.8497369640972
26.0897647954989
25.7991615079809
25.7392760834191
26.4286170736887
26.1381384641863
26.0142159031238
25.6717690662481
26.1768527070526
25.9081319253892
26.0199552734848
26.4179715011269
26.4304062225856
25.8653391860425
26.2504837061279
25.7427693693899
26.224816750735
26.2208651292603
25.5706388431136
25.5013717594557
26.1381349912845
26.0406160019338
26.2960567008704
26.0819010378327
25.9734384831972
26.4904718068428
26.4877928926144
25.7874399838038
26.2119434985798
25.711212456692
25.65764967422
26.4888562676497
26.3159155247267
26.1432812493294
26.0603287157137
25.9976598380599
25.8815898343455
26.1957015136722
26.0204130667262
25.827298829332
26.1146870641969
25.612941488158
26.0966887557879
26.2796328496188
26.0329628882464
26.035462571308
25.9838914058637
25.9606018504128
26.2982850144617
25.5941332171205
26.4573323326185
25.7131274573039
25.9104398873169
26.1852322537452
26.0436065236572
25.6706422762945
26.204795059748
26.1912992964499
26.0307906079106
26.3929100309033
25.8221108745784
26.3282518954948
26.2781604696065
25.5919654285535
26.4525283249095
26.0505127001088
26.3183228089474
26.0039555970579
26.209309066413
26.3172572252806
26.609303181991
27.1492203709204
26.9285531956702
26.595363749424
26.5829450769816
26.867546192836
27.024591493886
27.3701685969718
26.6161048805807
27.3250362458639
27.388213690836
27.4664195606019
27.1667871850077
26.6633622958325
26.8239501870703
26.7511914854404
27.4127047799993
26.8540798081085
26.8736790225375
27.3402178965043
26.6342419914436
27.0406786156818
27.0152457491495
27.4309553191997
27.2714948297944
27.2122768845875
26.5783811616711
27.0566380948294
26.7043836140074
27.4663504781201
27.3668652190827
27.1979096261784
26.7849692567252
27.2554918453097
27.4457522826269
27.0111729220953
27.3197695410345
26.9344542240724
27.1125572780147
26.7354439771734
26.8583948081359
26.5999511089176
26.7059792396612
26.9118265844882
27.0520644523203
27.0108972620219
27.0849526266102
27.4661972853355
27.1879427840468
27.3806837806478
27.199070219649
26.8608037778176
27.3656096956693
27.3247950791847
27.194308666978
26.6388857262209
26.6090960118454
27.0476817605086
26.7756102900021
27.1814511248376
27.3579005762003
26.5448116303887
26.7590083319228
27.3835076869
27.2643027531449
26.7457893330138
26.8692244132981
26.5351125085726
27.4006297523156
26.6069894661196
26.9580653153826
26.5243759397417
26.9542586528696
26.8401562755462
26.8374987847637
27.2955423775129
26.6036454972345
26.7872083338443
27.0339796317276
26.6099456325173
27.0426509184763
26.8693467576522
27.476887617493
27.002463265555
26.5888534137048
27.0973754178267
27.7443404395599
28.1727674729191
27.5011953501962
27.9032212689053
28.4056642723735
27.9695371505804
28.138627004344
28.3692917651497
28.289763903711
28.4430324339774
28.4500087960623
27.7038745163009
28.2764454903081
28.1883616163395
28.2800651232246
28.0074107139371
27.8741800507996
28.4067406740505
28.3530977116898
28.3238741867244
27.6997863482684
28.3590846962761
28.020535976626
27.8819853679743
28.4383359376807
28.3519285633229
28.3607653414365
28.2608815433923
27.5021101697348
27.6021478874609
27.9219508380629
27.6756461109035
28.3043148457073
28.415218167007
27.7724859765731
27.8223803450819
28.0804426148534
28.4058619679417
28.2372724423185
28.2450311484281
28.1421997463331
27.6420867731795
27.9883354147896
27.7949481094256
27.652984691551
27.5972488336265
28.1167899009306
28.0754369169008
27.6618912694976
27.500200380804
27.7282761542592
28.3871284681372
28.3020519590937
28.1144299085718
28.2909532352351
28.2923982639331
28.0397601837758
27.9120243638754
28.2543329731561
28.4243323500268
27.9990410825703
28.0751922829077
27.7189293997362
27.6631515633781
28.3826355098281
27.9687942431774
27.5191966097336
28.3161371853203
27.5427573926281
27.5740739102475
27.9786940568592
27.9715090300888
27.7823815175798
27.7129742850084
28.1187709174119
27.5611199960113
27.7831107079983
28.4819677793421
28.4327542639803
28.0664511381183
27.6040793459397
28.1964084943756
27.9656767866109
28.0498944621067
28.4400302032009
27.5569106999319
27.8174506989308
29.0291131588165
28.5458825023379
29.4111220538616
29.4673185560387
29.4154961989261
29.087928451132
28.8025496944319
28.9240503213368
29.4352184652817
28.6938047963195
29.4330794902053
28.821377991233
29.292342745699
29.3713315904606
29.4521082860883
28.8545112137217
29.3449396220967
29.3501928502228
29.2009574186523
28.8706439470407
28.5258913368452
29.3988081270363
29.254371291725
28.8693641256541
29.0304222819395
29.4139746630099
28.7011558979284
28.7556413430721
28.9403085133526
29.2452031003777
28.6595732038841
29.228020608658
29.388121803524
29.2221993431449
28.9317835075781
29.2770973662846
28.5911084897816
28.5188951850869
29.0562865035608
28.9554931554012
28.5982805932872
28.9215568078216
28.5913500778843
28.7972971412819
28.5354995254893
28.8557036498096
28.7488729434554
29.379180375021
28.817978880601
28.8211205045227
29.3478879465256
28.8812703839503
28.7751243221574
29.4179435027763
29.3769449361134
28.8264847961254
28.591228680918
28.69859372871
28.6772864861414
28.986933732871
28.6413004156202
29.0603143034969
28.5733737091068
29.4213622580282
28.7780204820447
28.5343961811159
28.9540702635422
29.0239616988692
28.7356483347248
29.3807844065595
29.0013166100252
28.8759879907593
29.3382672332227
29.2768506635912
29.329833981581
28.8147835847922
28.5437531450298
29.2757725240663
29.1153913233429
28.7060841114726
28.625277600484
29.4627907357644
28.9304243533406
30.1353464100976
30.0140218441375
30.1650374771561
29.752454288071
29.5953151509166
29.7073396397755
29.9570432482287
30.0485019299667
30.3934552008286
30.0260539432056
30.172891655704
29.5421420093626
29.849807378836
29.6747430302203
30.0226093232632
30.4029686977156
30.2208864062559
29.7776008096989
29.826844296651
30.2106528643053
29.7170441227499
29.9227185971104
30.4448205300141
29.7456869021989
29.5491838296875
30.0329544234555
29.6981020902749
30.0667661153711
29.9484205176122
30.2897478784434
29.8241977025755
29.9159751627594
29.9685242325068
29.6969878999516
30.3623888448346
29.5973715533037
29.6102712182328
29.5054691946134
30.3618561623152
30.2041098726913
30.4967941469513
30.0093605821021
30.2319130250253
30.3524342989549
29.820454872679
29.8062862362713
29.5990212690085
30.2414952234831
30.2838245779276
30.186416718876
30.213390820194
29.6137157802004
30.2310255451594
29.9988150631543
29.9533415071201
30.443727795966
29.9807661494706
29.6603003377095
29.9392638502177
30.023931160802
30.0700330878608
30.2445427856874
30.3232937487774
29.907838791376
30.122971057659
30.2720692274161
30.1576550188474
30.2057730576489
29.6310196784325
29.7018140724394
29.778769583907
30.0536196893081
30.1320157088339
29.8880438602064
30.1874624479096
30.1796373354737
29.8574631845113
30.6342718254309
30.8670086117927
30.9570684665814
30.8910534668248
31.0200335327536
30.5245448700152
31.1220537156332
31.3087760349736
31.0709869712591
31.2623483638745
30.6446221082006
31.274298198754
30.6651190205012
31.1019269616809
30.787284078775
30.7580312809441
30.5997637938708
30.89835997927
31.4765187273733
30.9197459185962
31.0283746311907
31.2766737125348
30.8438074174337
30.563312479062
30.9223967513535
31.4658848713152
30.8470778416377
31.0157824158669
30.9640897263307
31.1390473463107
30.9233573598322
30.9413939984515
30.7635966627859
30.5180316558108
30.8550640747417
30.927008934319
30.7319036901463
31.4558021244593
30.708026508335
31.4506157205906
31.221650676569
31.4103328017518
30.7973202466965
31.4194578367751
31.4292382639833
30.9518773183227
31.050152270589
31.1208532340825
32.3099237305578
31.8012654988561
31.8165156804025
32.0992343740072
31.5124506207649
32.3437896489631
32.0062307280023
32.3719544576015
32.3712180044968
31.8965508500114
31.9699461790733
31.5663863508962
31.8286243560724
32.3227692220826
32.1025983397849
32.3982972975355
32.0053224395961
32.4889708526898
31.6675519163255
31.6951489429921
32.4512713514268
32.0259248118382
31.910963997012
32.3562261804473
31.564434760483
31.8721163559239
31.5908427103423
32.4621725671459
32.2017806735821
31.5501470984891
32.4182295822538
31.7170052309521
32.370050058933
32.0061737983488
31.9954683759715
32.0379651742987
32.3264775855932
32.3391987946816
32.2846092893742
32.1657661804929
32.0346411676146
32.3682620928157
32.0130833464209
31.7297537215054
32.4397713926155
31.519512019353
31.5080889330711
31.5580983988475
32.0664445182774
31.8137048247736
31.843427519314
32.5130554561038
32.5404190625995
32.6177257949021
32.7438902971335
33.2291295002215
32.9444618695416
33.4350055044051
32.823390742531
33.1413533976302
33.3374414504506
33.4503645887598
33.2540296735242
33.0356513247825
32.6333693403285
33.266877418384
33.2059483902995
33.2105036173016
33.2823569353204
33.3012794577517
32.6165935893077
32.8779086947907
32.9023507398088
33.3026364513207
33.4509435449727
33.3475366269704
33.1925318844151
33.1240983160678
33.3186028173659
32.7334333197214
33.4604745502584
32.7901630345732
33.0505444693845
32.8581764302216
33.1048676769715
32.7117422944866
33.3599374305923
32.9361067409627
33.0037375695538
33.4629544753116
33.1495923954062
32.5258243780117
32.7970261874143
32.5905600776896
32.7053826241754
34.2347360306885
33.9813941193279
33.6113087327685
33.7867822614498
33.7489299289882
34.2843271573074
34.1235136804171
33.7586326012388
34.307726996718
33.7176858750172
34.313152685063
33.6836545735132
33.9221368343569
34.3704549556132
33.7739055608399
33.8505534131546
33.931047111284
33.7764966993127
33.6867238602135
33.9502515201457
34.0992314317264
33.8146571228281
33.9473963573109
34.4526436426677
34.0777839750517
34.2536425951403
34.1454708105884
33.7334128268994
33.8303950671107
34.1187086752616
33.6257774115074
34.1016638770234
34.0369582728017
34.3697003137786
34.2456981742289
33.8782399976626
34.2997055468149
34.2951983292587
34.3656378993765
34.3799812188372
34.2231233911589
34.4759389159735
34.0152963341679
33.9856005925685
34.0572458070237
34.0283680781722
33.9581225044094
34.3913139826618
33.6480611350853
34.1124779742677
33.5688685590867
35.0854288006667
35.0656891444232
35.4154839434195
34.6496190696489
35.3123477560002
35.175304838689
35.0069870280568
35.2391729003284
34.5511442024726
35.4853162581567
34.9600247095805
35.255413422361
35.3706860374659
35.0486826456618
34.8046112565789
34.9438281736802
34.5104980433825
34.7184263940435
35.108229503734
34.9926040587015
34.7669134463649
34.9550804381724
34.9556064335629
34.8754569087178
34.9545774261933
34.9397590826266
34.6179434466176
35.1817738506943
34.9303102300037
35.1165792136453
34.8010915170889
35.1495821946301
35.9125091801398
35.5907883848995
35.7901735173073
36.1754870517179
35.8305082931183
35.824328920804
35.7851463358384
35.7786235432141
36.4654467483051
35.7979058038909
36.2250055032782
36.2921868578997
36.119330500951
35.8194895980414
36.4570980244316
35.7329674486537
35.6860179158393
35.8817506022751
36.2168586577754
36.4455725187436
35.6556838520337
36.0365228776354
35.8148939507082
37.3241236328613
37.1954665181693
37.1340811031405
36.7877782436553
36.90752325207
36.8146744065452
37.2495065594558
37.4296145124827
37.3505755164661
37.4445568847004
37.4073256731499
36.7324293428101
37.152670851443
36.9847285437863
37.0101260300726
37.3393432719167
36.9269046259578
36.531000884017
38.0827593824361
37.8309348777402
38.184798165923
38.3253841232508
38.4072185766418
38.1492083962075
38.3388271501753
37.8814271616284
37.9764443715103
37.6576282528695
37.9822255217005
38.2909714065026
38.2492163237184
38.4278077951167
37.7165356748737
37.5142177275848
37.6742748967372
37.8426140993834
38.1689295608085
38.473850929644
38.1410427140072
38.186149506364
38.2794792875648
37.9199203446042
38.9608932221308
38.6210752341431
39.4012503304984
38.8557485833298
39.1677050623111
40.2763110871892
39.6855930115562
40.0783949608449
39.7526290901005
39.8246494941413
40.1607969950419
39.6786304863635
40.1785100433044
39.9571139654145
39.8887222856283
39.614360031439
40.1773294715676
41.4962620963342
40.7787216096185
41.4420786332339
41.491695124656
41.2512470323127
41.9046815878246
42.0463372271042
41.6950089947786
41.8204956897534
42.1916089328006
42.4675708296709
42.0551000817213
41.5982833725866
41.6331141658593
42.3316574303899
41.7740339851007
43.0919410311617
43.2598110395484
43.3058075206354
42.5885426506866
43.4209407786839
42.6235032819677
42.9948079676833
43.4807422112208
44.0801448354032
45.0821139516775
44.5026680226438
45.3975501633249
44.9372282556724
44.5255465488881
45.2971933416557
46.1116070137359
46.4856845454779
45.7657074017916
45.6258782162331
47.2226833209861
47.0914397430606
47.4326366949826
48.0090346126817
48.9939747320022
49.4160725988913
49.3990086342674
49.9027432906441
49.8495829317253
51.9979552910663
54.4349291820545
54.6677730516531
56.4023471211549
55.9922715846915
56.0657163108699
59.6232957812026
63.2545301474165
72.9375931052491
76.1346947329585
