2.7655086631421
3.87212389963679
5.0728533633519
5.40820778999478
4.70168193103746
5.3983896849677
5.44467526860535
5.16079779248685
5.12911404389888
4.56178627046756
4.7059745748993
4.676556752529
5.18702284665778
4.88410371821374
5.26984141999856
4.99769924208522
6.21761850826442
6.49190609483048
5.88003517943434
6.27744522131979
6.43470523110591
5.71214252128266
6.15167376608588
5.62555509596132
5.76722066872753
5.88611409254372
5.5133903331589
5.88238795707002
6.36969084572047
5.84034899668768
5.98208011547104
6.09956582542509
5.99354130704887
5.68621760141104
6.32737331860699
6.16846673819236
6.29423986072652
5.60794362588786
6.22371094604023
5.91127442964353
6.32094629411586
6.14706019381993
6.28293276228942
6.05303631164134
6.02971958019771
6.28935623168945
5.52333120233379
5.97723006503657
6.2323137386702
6.19273155648261
5.97761962213553
6.3612094768323
5.93809710722417
5.74479727703147
5.57067904714495
5.5994661601726
5.81627170718275
6.01863426319323
6.1620050764177
5.90683018718846
6.41287592425942
5.79360337276012
5.95906572625972
5.83239467418753
6.15087046707049
5.7580167807173
5.97854524827562
7.26631067064591
6.58424691436812
7.37532133003697
6.83907293784432
7.33944035018794
6.84668348915875
6.83377493079752
6.9763512450736
7.39219833584502
7.36433947063051
6.88998954347335
7.27732069883496
7.46061799721792
6.93465948477387
7.2125146787148
6.89999436889775
6.82535215187818
7.25708714802749
6.70269225514494
7.21112122246996
6.62169192102738
6.74548851395957
6.64330437942408
6.73962941509672
6.55893437727354
7.14228825853206
7.37626921269111
7.27891467744485
7.29730882588774
6.9552744536195
6.91008408204652
7.31087024277076
7.10493329027668
7.15472392807715
6.85319727193564
6.77026014588773
7.49268406117335
7.13349326443858
6.71320813521743
6.6293723480776
6.9781180343125
7.4240744698327
7.09876096714288
7.47617069492117
7.23179251188412
6.8567269120831
6.93147369055077
6.64821156067774
6.51307757548057
7.21556606609374
6.6031842357479
6.94628434861079
7.14010104513727
7.49183862004429
6.9955935778562
6.98434952436946
6.67344233486801
7.25482094450854
6.95389548921958
7.01116978377104
6.70754511328414
6.72865814273246
7.09571199631318
7.07487219828181
6.57706438028254
6.53554057958536
7.14279549219646
7.42861519963481
7.09809242235497
7.06090074800886
7.02602772391401
7.48509522387758
7.00764182233252
7.18278807867318
7.10154121764936
6.73886867775582
7.75816592667252
8.2293096233625
7.95257083140314
7.67512676841579
8.24669826962054
7.60498764039949
8.36454494902864
8.11464497167617
8.05715953884646
7.82877731905319
7.95313144545071
8.00044097262435
7.68086636113003
8.02963060280308
7.5752757457085
7.7777559326496
7.7126995192375
7.78479048097506
8.39509410294704
7.9462353233248
8.27998488978483
8.3806190348696
7.91312420950271
7.56380848051049
7.83548749168403
8.22372594662011
7.83761533349752
8.13041412248276
8.34061455400661
8.35613166471012
7.89135928102769
7.88049388560466
8.39544542599469
8.14431576291099
8.24107864871621
8.10530344652943
8.40308161149733
7.79373015509918
7.69126010988839
8.38645094330423
8.00333948573098
8.37705754302442
7.68919362244196
8.25810305238701
8.22449889266863
8.44372481829487
8.04764658701606
8.21174386772327
7.88890509982593
7.60087312618271
8.42730208858848
7.78323250031099
8.09057315881364
7.61036060494371
8.34050703211688
7.81796368444338
8.28285133698955
7.76750820735469
7.71864528488368
8.01679683639668
7.76895059202798
7.68116832734086
8.01857613748871
8.06278293579817
7.62915685446933
7.7563676040154
8.21793527598493
8.46140993642621
7.60014084656723
8.26322268950753
8.44796635466628
8.31863468838856
7.80829233070835
8.14957946049981
8.45335545111448
8.45373265002854
7.8399792034179
7.76247411011718
7.66545393317938
7.82216805662028
8.01012520655058
8.42396847135387
8.01095969835296
7.75762126082554
7.54646088695154
7.91785625834018
8.3540015022736
7.84723067772575
7.6314423205331
7.87448686454445
8.13142022839747
7.8900789336767
8.18962784879841
8.1894134124741
8.05490062315948
7.92962440778501
7.9527200628072
7.80644325888716
8.07835394400172
8.41037030424923
7.64260408212431
7.91504762531258
7.71092575066723
7.92875037086196
7.63268997520208
7.96009644586593
8.44295705924742
8.26197386160493
8.43290982884355
7.9706784975715
8.10358806769364
7.98498968058266
7.60880631650798
7.74772683298215
7.9985145307146
7.8728667080868
8.43469137023203
8.02398607786745
7.81714467168786
7.77796602947637
8.28754050773568
8.20246251253411
7.66502763866447
7.56445753877051
8.25470562162809
8.12041003303602
7.66957676666789
7.56221405230463
7.60902926861309
7.8817163517233
7.66931091458537
7.79865254205652
7.69220953504555
8.75717002130114
8.68123182281852
8.97731370967813
9.27073704288341
8.52778712240979
9.02731077698991
9.38031906890683
8.87306337198243
8.54795913165435
8.63862824672833
8.82149212039076
8.65483161131851
8.63222817215137
8.72130592772737
8.72638079617172
8.63141653384082
9.48156346031465
8.82701372681186
9.00693949707784
9.18144251476042
8.59916910319589
8.618902558228
8.55043965950608
9.42925391974859
9.17371223284863
8.59485785546713
8.99259612080641
8.96155184064992
8.87521653086878
9.49109921953641
8.67635071370751
9.31343520851806
8.56844663713127
8.90044974675402
8.64114432572387
8.69330986239947
9.34135171677917
9.21991398837417
8.76721208309755
8.99500164482743
8.58311389782466
8.85388424061239
9.46920880535617
9.12471418967471
9.16461824974976
8.81248965649866
8.90568961272947
9.49607737152837
9.35508235637099
9.45354839600623
9.31230509234592
9.28218211582862
8.76787812891416
9.26215152954683
9.48631158913486
8.79360554902814
8.8993511069566
9.31213152385317
8.57715166918933
8.86369680985808
8.94259246718138
8.6567141325213
9.0822052701842
9.47016217885539
9.48949983343482
8.67645203648135
9.04213042440824
8.88430389203131
9.17616405081935
8.76929377974011
8.96925094234757
8.67180008231662
8.86918946239166
9.22540527256206
8.98614910431206
8.56380246672779
9.28454622998834
8.91832163580693
9.48101808479987
8.78288395586424
9.34788214950822
8.58223923086189
9.38645875058137
8.97193073085509
8.60910096345469
8.83327798452228
9.33741656923667
8.776849841699
9.08703514141962
9.33673226973042
8.57115402398631
9.20277874334715
9.19882453721948
8.96396238100715
8.93693111045286
9.06217678776011
9.42848322633654
8.73046641424298
8.72181375441141
8.92021589330398
8.83352080569603
9.36480755032972
8.67719453573227
8.99331872863695
8.92971336678602
9.06426384299994
9.15616231551394
9.47855406277813
8.73216114845127
8.74081159615889
9.29683608398773
9.33167171501555
8.61350770643912
9.46331201633438
8.64732289966196
8.64362694276497
9.42522993520834
9.00703560258262
8.65485101705417
8.84830205212347
9.15982102579437
8.81177237443626
8.85157340927981
8.64784570690244
9.1588776090648
8.68506996450014
9.45437813689932
9.3978484920226
9.44369705440477
9.22369075124152
8.87035706592724
9.28101754025556
8.51114950864576
9.44030871219002
9.49374922621064
8.8574057451915
9.24763506348245
9.29290902381763
9.20585900638252
8.97582503873855
8.99465452600271
8.80805244878866
9.19501224625856
9.32279330561869
8.93471764074638
9.01473265280947
9.16301096766256
8.64316658652388
8.84448739374056
8.90576358232647
8.58531100582331
9.43257192824967
9.33838406670839
9.37943329615518
9.43571246764623
8.57246063346975
8.87875944050029
9.03786492277868
8.6050501386635
9.30168770556338
9.2396417458076
8.55214901338331
8.98216957319528
9.42051784065552
8.54152842890471
8.79399179900065
9.0008504872676
9.1097489350941
8.76424904959276
8.92309860954992
8.86656361632049
9.44250532239676
8.62372356513515
8.57003267924301
9.46431703795679
8.94251010823064
8.87027238029987
8.67024358012713
8.5541904293932
9.15782806929201
9.07816191669554
9.48710176395252
9.10379240149632
8.56494991877116
9.66210908186622
9.97539792046882
9.50193283474073
9.94145914306864
9.76092973724008
10.4384137454908
10.215833283728
9.66308547835797
9.97618801845238
10.1902567229699
9.96089517953806
10.455146738328
10.2125401224475
9.89714793325402
9.61772061209194
9.74011627305299
10.3636305665132
9.9359764016699
9.99786805198528
10.191927672131
10.2603132817894
9.65540122264065
10.3494570930488
10.4468178190291
10.0884191903751
10.0022508152761
9.68977991770953
9.50183685822412
10.3775780622382
9.63411133782938
9.5227412241511
10.4391367060598
9.79294872283936
9.66432657442056
9.89910255582072
9.95957541209646
9.93403084855527
10.017009826377
10.3462457526475
9.55516428640112
10.054177061189
10.1882752375677
10.1580575536937
10.1633427252527
9.97223420254886
10.4695281661116
9.90219706273638
10.3495521037839
10.2566449074075
10.0326012193691
10.3741496608127
9.96711511560716
9.50812845537439
10.2277670046315
10.2165894787759
9.68742637103423
10.1460672768299
10.0419792798348
9.83532075979747
10.1379087232053
10.3292010638397
10.2089751984458
9.84855035087094
9.62832787493244
9.88807848887518
10.4281775483396
10.3043907713145
10.2586968070827
10.4572498889174
10.4939138786867
10.1064409946557
9.52937716548331
9.83644535788335
9.77765808673576
9.61719755013473
9.54321825900115
9.87030978570692
9.83687830879353
9.67365255346522
10.1217732795049
9.89784362749197
10.455675768666
10.153349443106
9.82874371670187
9.69714671350084
9.61534232483245
10.495965478709
9.87927672523074
10.0619880927261
10.2327180176508
10.3708055529278
10.0721702596638
9.51103607099503
10.4063152612653
10.2706536315382
9.88250462338328
9.59404588886537
9.54965358390473
10.3211623181123
10.329324304359
10.1547328757588
9.6328278130386
9.84180990117602
10.2313715789933
10.4072914160788
10.1961969994009
9.74157922226004
10.1441072286107
9.78075021365657
10.4576365207322
9.65839595673606
9.9183389917016
9.75200979737565
9.59439026773907
10.3277177696582
10.0253055037465
10.1677476274781
9.90827775979415
10.34258990339
10.2373054679483
9.84822440100834
10.4489381774329
10.1466791899875
9.53527776687406
10.0964484557044
9.91531800152734
9.57689703814685
10.0280488792341
10.4623333085328
10.2087400511373
10.0534757035784
9.74295660899952
10.2780425290111
10.1519409434404
10.3302457039244
10.1485509474296
9.97983579430729
9.99506410560571
9.87987259146757
9.95048543717712
10.3142517504748
10.4287772257812
9.64748104522005
10.2498216649983
10.4756573496852
10.4747924634721
9.85062557016499
9.89394905697554
10.4509510090575
9.60664831963368
10.4347601165064
9.84616209985688
10.0330606058706
10.0387942993548
10.2147179497406
9.90579050011002
9.65278814127669
9.84023276134394
10.1266548475251
9.55737267830409
10.3516676397994
9.71264534583315
10.0394620278385
9.63648758619092
9.82486514048651
10.1210762937553
9.75598224857822
10.1348757988308
9.98567210696638
10.4381769166794
10.3575015370734
9.87088353768922
9.81420182995498
10.3285343598109
9.95184151316062
9.81587841222063
9.59780853753909
9.5649005365558
10.1894573664758
10.1680506039411
10.4045466477983
9.8016932704486
10.4328087046742
9.70198301738128
10.2923787559848
9.72463050880469
9.5307565710973
10.3620340412017
10.1851075051818
10.4420749095734
10.1758537604474
10.3431201484054
9.86189418495633
9.89236588519998
10.0676873975899
9.5951521336101
9.6937840715982
10.0880663930438
10.2515041681472
10.3672387872357
9.87179573718458
10.2988145495765
9.55831439257599
10.1234357093927
9.85664140665904
10.0879279323854
10.4137846420053
9.69944218290038
9.86908362386748
10.171408327762
10.2681445507333
11.0222482760437
11.3280750180129
11.0270961946808
11.0017548250034
10.919973319862
10.8622982832603
10.6234289102722
10.7981615294702
10.7766764897387
11.2702253556345
11.2781813021284
10.6437872806564
11.0155261505861
11.0972404854838
11.0058430240024
10.8860996330623
10.926098100841
10.5117597347125
11.4193317703903
10.5794396931306
11.0073742547538
11.3201716169715
11.0983954181429
10.9241535260808
11.0593102707062
11.2890944720712
10.667715257965
11.4704517300706
10.9735030983575
11.4297432058956
11.4009392703883
11.2508821878582
11.176568772411
11.1480134457815
10.5732468697242
10.9235584184062
11.030824364163
11.4427047623321
11.2122245593928
11.2244905754924
10.9701286177151
10.6202822558116
11.2830976708792
10.9381573970895
10.9314559798222
10.5274978789967
10.6465618428774
10.9225951579865
11.2671371742617
10.5047664453741
11.1035956915002
11.4055772605352
11.2066615319345
10.7625371592585
11.3510762194637
10.8336055150721
11.078284267569
10.9327731302474
10.5515953230206
11.2298032878898
11.0481704142876
11.2512219855562
10.5507711647078
11.2149662123993
10.7976944567636
10.7834772097412
11.3298771274276
10.5863953751978
10.5426571189892
10.8487408088986
11.0423360101413
11.1094608635176
10.7713720984757
10.7052309319843
10.8816321482882
10.9725581153762
11.3355179498903
10.6214714962989
11.1758081249427
10.9966852199286
11.4022377477959
11.0512639668304
10.6285646765027
10.9420097856782
10.6922976963688
10.9349006221164
10.7251334029716
11.4610962821171
10.9484274650458
11.2771449852735
10.6582197744865
11.366808582563
10.7061456057709
10.6779496830422
10.6648911463562
11.0652689773124
11.2271810211241
11.3759189890698
11.2084243837744
10.9774632109329
11.3202799935825
10.5166122107767
11.4961111012381
11.1348948357627
10.9284753808752
10.5283929328434
11.2533327005804
10.7086339753587
11.4994554051664
11.4072491931729
11.212465031771
11.2309328839183
10.972487921128
11.3625106869731
10.6654151224066
11.1204279256053
10.7923313949723
10.9561417337973
10.5456392089836
10.6776617520954
10.5579320678953
11.4444102335256
10.8427434742916
11.0179505706765
11.125245335279
10.7372648536693
11.0161239143927
11.3065418277401
10.8482647344936
11.3586874529719
10.534438761184
11.4709971458651
11.245110136224
10.773255241802
11.1771061015315
10.8479474680498
11.4470205216203
10.8386237749364
10.5317132039927
10.8535857975949
10.8871235877741
10.8569471600931
11.4599686060101
10.8837382048368
11.0463376210537
11.4253234758507
11.4168595271185
10.7427329928614
11.2170908388216
10.8489460358396
11.0542833507061
11.242972413078
11.3196983186062
11.3696572650224
10.5358651343267
10.7200244034175
10.8669732096605
10.8056964420248
11.2278304575011
11.1997287662234
11.4100609268062
11.3456026096828
11.2785446401685
10.900843428215
11.0768046588637
10.5763594461605
11.372974850703
11.4562857355922
11.0055310798343
11.4243663637899
10.6345135327429
10.7387370031793
10.9899626220576
10.974060096778
10.9349941590335
10.5392489600927
11.1443310151808
11.2155672002118
10.8516667212825
11.4465567488223
11.2431065072306
10.5507859203499
11.4803647808731
10.7178224525414
10.5361960020382
10.7607038654387
11.2204157859087
10.7478941811714
10.7349157915451
10.5210118428804
10.7646206277423
11.1918016194832
10.5346693911124
10.5627861295361
10.8977060918696
10.990028424887
11.1310487475712
11.2234043122735
10.5767657924443
10.9214460805524
11.4737266858574
11.3138057834003
10.7237677229568
10.9897423058283
10.5113401929848
10.7586022969335
10.9545987718739
11.2409766882192
11.4906600117683
10.8322049460839
11.4447914054617
11.4618534198962
11.3992774996441
10.9927158351056
11.2849354778882
11.3031190470792
11.1777676236816
11.0812775786035
10.8306680873502
10.5013146565761
10.5658019641414
10.5859519173391
10.5131097168196
10.8357456242666
10.6192643165123
11.0935954453889
10.5373126757331
10.5095717918593
10.6615961259231
11.3318989882246
11.2668427543249
10.7727803164162
10.6881632988807
10.7257618347649
10.561970367562
10.5599002409726
10.6481558703817
10.5729878859129
10.5428858918604
11.0224612723105
11.2892314894125
11.1947533481289
10.5665760473348
10.5179577465169
10.9421584233642
10.6576020831708
11.2188601158559
11.2039418325294
11.3852263048757
10.8252610152122
11.4708815666381
11.4848202662542
10.5391847176943
11.3935712880921
11.3223991512787
11.2242446928285
10.7889201377984
11.0019486045931
10.9283470013179
11.1100160160568
11.4261131740641
10.7401232577395
10.7718818339054
11.2350036464632
11.2515458730049
11.4305919208564
11.9627302747685
12.3606911767274
11.8120364195202
11.7080390134361
12.4208274672274
11.5527368842158
11.9111554310657
11.9563412151765
11.9158602475654
12.1703534517437
12.2569040800445
12.4116513144691
12.319952085847
11.5936498525552
11.6779060813133
12.1422145802062
12.3742829938419
12.0923133504111
11.7624321922194
12.3837522640824
11.6876893462613
11.9888669822831
11.5098204871174
11.8604340432212
11.9421616909094
11.625729221385
12.1243645476643
11.8024313317146
11.7396372281946
11.858629763592
12.3929104125127
12.4906272650696
12.2324211974628
12.4927880882751
12.0397893621121
11.9338017618284
12.4646736741997
11.6483196432237
11.5664930557832
11.5242514880374
12.112423241837
12.1966087480541
12.3011418872047
11.6377302838955
11.6597848227248
12.4888335929718
11.8986456955317
11.6879118161742
11.9777282411233
12.044234022731
11.8281579806935
12.4999305936508
12.02778183599
11.6337345081847
11.9385400677565
12.1207939398009
11.7029124121182
11.634169772733
12.2768339980394
12.1359498486854
11.7821362966206
11.6912594560999
11.7655367199332
12.0308087929152
12.1848609040026
11.8832833936904
12.4549879983533
11.6183565806132
11.53910005535
12.0045050329063
12.0784825552255
12.3393039079383
12.1544449753128
12.4445283398964
12.0116576296277
11.5849210591987
12.4947705094237
11.9014441198669
12.3956462966744
12.3768584120553
11.7964847979601
11.6325919097289
11.7659109076485
11.5057275427971
12.3196018214803
11.6746616789605
12.343080552062
11.6667121667415
12.2640194350388
12.0189380873926
11.7726853033528
11.8432031357661
12.2050753401127
12.0915353011806
11.9693790376186
11.8363766055554
12.4678374286741
12.1458418837283
11.6963011692278
11.8571803851519
12.0130180821288
12.3829967405181
11.6526675652713
11.7304615974426
11.662988578435
12.1143468590453
12.0016364438925
11.6881188880652
11.9077148525976
12.0823880468961
11.8089290650096
11.980965640163
12.439394792309
11.5460405482445
12.0348617297132
11.9426607822534
12.4063654695638
12.3810423817486
11.66324111633
12.2521907656919
11.9029872021638
12.0569526934996
11.5801692819223
11.616568592377
12.4251925612334
12.3788442406803
11.6632076269016
12.0315639013425
12.4297921683174
11.8257159937639
11.6607946308795
12.4497079178691
11.9623570486438
11.720770887332
11.5020192326047
12.119192603277
11.9025059221312
12.4000326106325
12.0058819844853
12.2264870810322
11.5274866148829
11.8794132131152
11.886744662188
11.8378207252827
11.8644318513107
12.1387559697032
11.5329143274575
12.1961925884243
12.3155641746707
12.0074228534941
11.6125926258974
12.4063233011402
11.9133389531635
11.9737557878252
12.2137141800486
11.7418712105136
11.7996406275779
12.2044788214844
12.271674948046
11.5138403405435
12.0513139534742
12.1524611904752
12.43166070804
12.1903917051386
11.7537671390455
11.9110383701045
11.622891113162
11.6319665557239
12.1401180082466
11.8464234322309
11.9227566046175
12.4394088804256
11.8838892308995
11.7285851310007
12.1902786858846
11.5098579174373
12.186130894348
12.2916745960247
12.0074934887234
11.8080762489699
12.2372122772504
11.804715243401
12.2747087017633
11.6121136378497
12.297743699979
11.9910011673346
12.3329181747977
12.2584231549408
12.4021465608384
11.7784400130622
11.9456928498112
11.7720157357398
11.8299183256458
12.3636006538291
11.6098579533864
11.9022568997461
11.9060750936624
11.9364792548586
11.6770000963006
11.7657302001026
12.1595500134863
12.316055504838
11.9211843446828
11.6600643042475
11.7886101272888
12.3021290083416
11.6642456818372
12.2897927351296
12.0242149699479
11.82003500266
11.7751770878676
12.3018980382476
11.6040244312026
12.3381222665776
11.5792628736235
12.2175640671048
12.3646178266499
12.4785582080949
11.7491262075491
11.5248606903479
11.7229782319628
11.622025499586
11.8852394248825
11.5843304744922
11.7825818997808
12.0665824587923
11.8285423023626
12.4434746827465
11.8773035139311
12.4533156123944
11.7732528676279
12.1873301560991
11.6369918044657
12.3102107716259
12.2626046920195
11.9424048338551
11.9566756945569
12.1804550888482
11.5743979089893
12.1466290750541
12.2899141116068
11.7233165067155
11.5409439904615
11.8846483633388
11.8440921539441
11.9463686922099
11.8868331694975
12.4183179154061
11.6740175434388
11.6498705623671
12.1131992288865
11.5172433319967
11.566110484302
12.2788390414789
12.4356561270542
11.7072041395586
12.1433431569021
11.8313795751892
12.4554215909448
12.3171891570091
12.2402761431877
11.7227059768047
11.5457247165032
11.8665265792515
12.2413930250332
12.4335062499158
12.1732099498622
12.2013571073767
12.347625407856
12.2061566549819
12.3588077595923
11.9456444911193
12.1766349920072
11.6278247826267
12.2361715352163
11.5672451483551
11.7808000696823
11.9116176837124
12.4434249971528
12.4773425331805
11.5388665851206
12.0877277771942
11.5300116771832
12.0652812083717
11.598227230832
12.1302907885984
12.3185018345248
11.8500416630413
11.6339836749248
11.580943378387
11.8504433142953
12.4962717846502
12.0329688107595
11.8358973804861
11.8142346434761
11.882622060366
11.5185464078095
11.5365391168743
12.3785132940393
11.9020640237723
11.9693810741883
11.9023365101311
12.2020901024807
11.899164465256
12.0019583227113
11.5369737506844
11.7979757348076
12.4628419817891
12.4350969046354
12.4610991773661
12.2925953641534
12.2547771928366
11.5659666301217
11.6355047791731
11.6235993755981
12.2625438608229
12.4034657159355
11.9026590902358
11.6825630078092
11.874565219041
12.0062086773105
12.4135026789736
11.5766451810487
11.6097455238923
12.2542672224808
11.8045987756923
12.2238096564543
11.732330028899
11.8934588669799
12.0078793969005
12.4399168654345
11.5578751706053
11.8047657045536
11.7409240440466
11.8852034350857
12.2629833556712
13.3646469986998
13.1791112150531
13.176762705436
12.6650525194127
13.3028674293309
13.2119934314396
13.4287030890118
12.5074946049135
13.096331653418
12.8667456808034
13.2419671553653
13.2620873905253
12.7607229591813
12.7549358813558
13.1788408099674
12.9854806624353
12.8785845302045
12.5555479826871
13.3990258984268
13.3017233137507
12.98101305007
12.5321287591942
13.0120068122633
12.8731012721546
12.9985716848169
12.8992657368071
12.5209469445981
13.0242890284862
12.6603988497518
12.7051142351702
13.4752267156728
13.4663548751269
13.2600703223143
12.5763705321588
13.0158238760196
13.1003051945008
12.9370240909047
12.5016422611661
12.9355515181087
13.0009637689218
13.1696047061123
13.1948571067769
13.2825103143696
12.6390228455421
12.6632456772495
13.2595429101493
12.9437036174349
13.1296688304283
12.6045128603
13.3355488972738
12.8339493619278
12.699519188609
13.1945454764646
12.6658787627239
12.573963903822
12.5382361884695
13.3460202165879
12.8735481973272
13.3807106972672
12.5903177724686
12.9959074112121
13.2543227360584
13.1058908130508
13.0284127965569
13.4102066827472
13.4857289039064
12.7797425619792
12.6234916946851
12.6743790439796
13.3813352547586
12.6246282721404
12.7989689046517
12.6647346399259
12.5726095444988
12.7384139820933
13.2166666053236
13.1450209917966
12.5758749665692
12.6727089220658
12.6456703578588
12.8919011843391
12.731745099416
13.0613798229024
13.0835201865993
12.5987593382597
12.6589165413752
13.4220654040109
13.3594497190788
13.4071987534408
12.6152689564042
12.5355392340571
13.0857543875463
12.8141682648566
13.0568892741576
12.854495415464
12.6432683116291
13.0671354627702
12.834098657826
12.6204011905938
12.7558543242048
12.8533853164408
13.3313199293334
13.2832239165436
13.4401522073895
13.3391990317032
12.6489850191865
13.0906760850921
13.3239626006689
13.1318853653502
12.9699299614877
12.7587409035768
12.5245803508442
12.8288081276696
12.7248534844257
13.3773318394087
13.1776542006992
13.0259333036374
13.0576866639312
12.7474716734141
12.5072967708111
13.4489064351656
13.2191501385532
12.7793245445937
13.243782856036
13.370748400921
12.8803701251745
13.2194475159049
12.7396067103837
13.1477648741566
13.4756707607303
12.8779988079332
12.9641441286076
13.3122962957714
12.9944081131835
12.5503090226557
12.6306217405945
12.6614383161068
12.5894531598315
12.9036140881944
12.5638598678634
13.0620059224311
12.8365241079591
13.0406422810629
13.413231221959
12.8868807591498
13.4602671640459
12.8846865913365
13.4416019793134
13.1806356571615
13.4026423536707
12.7537970656995
12.906097129453
12.514248613501
12.610447794199
13.001537791919
12.8715266480576
13.3059155542869
12.5079228435643
13.3365120592061
12.8768391793128
12.8852485332172
13.4515305755194
12.9756742394529
13.0520937943365
13.4347163250204
13.3634362560697
12.7599144843407
13.1876998345833
12.9479072461836
12.7180162759032
13.1862368150614
13.4593820252921
12.759404480923
12.9687599919271
12.8213395576458
12.6646428145468
13.214727725368
13.0281657513697
12.7347146801185
12.5644316615071
13.1757634961978
13.3061453618575
12.6154712352436
13.1920144213364
12.5217862285208
12.8613767086063
13.2322800499387
12.8126230419148
12.9471530532464
13.3254390680231
12.8317954652011
12.6440251672175
12.80092075211
12.6626017969102
13.3394715783652
13.1643074771855
12.6388673055917
12.8258818138856
13.331430218881
13.3225391043816
12.6493999203667
12.9212796895299
12.9451826515142
13.3839273757767
12.9149973266758
13.1898921618704
13.2169208771084
12.5123791699298
12.537829448469
12.5908774142154
12.8988239674363
13.4002145759296
12.9449026284274
13.25515309209
13.2114702395629
12.6667563503142
13.3691423891578
12.5891845354345
12.6630136633758
13.3493536883034
13.1281303411815
12.7084599509835
13.1728608268313
13.4642056908924
13.381738852011
13.4617646869738
12.9646931856405
12.5728773572482
13.3743087535258
12.6988728062715
13.0345897586085
12.6055621909909
12.8839950172696
13.2477059245575
13.1957909979392
12.598391772015
13.1115317933727
12.5209252538625
13.149712249171
13.4783780702855
13.3425044592004
13.3427858420182
12.8874521625694
13.2930711021181
12.9061965590809
12.7533489051275
12.9193039890379
12.9954995329026
13.3582459569443
13.2322648535483
13.4744284905028
12.600054909708
13.3325908370316
12.9505541778635
13.350459135836
13.0697515436914
13.46154251392
13.4547507339157
12.7837795088999
13.2396064978093
12.5707425756846
13.4001195468009
12.6334205726162
13.0558860776946
13.1004080325365
12.6329610389657
13.0093123372644
12.867049907567
12.5033045473974
12.5479798603337
13.3820484501775
13.3235170401167
12.9130309009925
13.4217332180124
12.9774029334076
12.9749944235664
13.1578360670246
12.6633204538375
12.5951943711843
13.3615147923119
12.7398791697342
13.0554041319992
13.349406595109
12.849647580646
13.4757385952398
13.3694055301603
13.2541240509599
12.7236734200269
13.269816465443
14.374713584315
13.5437931080814
13.6997607070953
14.3537423582748
14.152254128363
14.3693320192397
14.313636587467
13.8614476379007
13.5908958460204
14.0746552904602
14.1547304135747
14.3222047763411
13.9555755150504
14.4843288983684
14.2503983781207
13.6335556870326
13.7151735126972
14.348379537696
13.9653411854524
14.415767790284
14.4165577383246
14.3198545838241
14.0669011576101
14.1154771612491
14.2948002899066
13.9396965485066
13.912587253144
14.0654852851294
13.6516478320118
14.3074608454481
13.9956413663458
13.6405091830529
13.6102892791387
13.6107910634018
13.5047142794356
13.7384043552447
14.3788228791673
13.5772186573595
13.6385385601316
13.5475245749112
13.5339188734069
14.4160890183412
14.3402003939264
13.6788714164868
13.9952679451089
13.8069585270714
13.7743769618683
13.6282438554335
13.9293819132727
14.1959449637216
13.8350607184693
14.2012464334257
14.3405349147506
14.3826320066582
14.2665893500671
13.8220276276115
13.5421170077752
14.3927099222783
14.1381051451899
14.0544931162149
14.2663299480919
13.5968612944707
14.2480164875742
14.3752179876901
13.5076685955282
14.434916985454
13.9069656580687
14.2887633896898
14.4761276245117
13.8334025458898
14.2872148209717
13.5893609160557
13.5436999020167
14.014933738159
13.5480893275235
13.5891961276066
14.1883255215362
13.5348385337275
13.9309109244496
14.2592940512113
14.3317969546188
13.8824625168927
14.1155548188835
13.8449866503943
14.0322787740733
13.7600091069471
14.0728606223129
14.405846678419
14.0660218785051
13.5564868177753
13.6021137454081
13.8283418559004
14.4906005072407
14.2143653393723
13.5789741838817
14.1142164494377
13.9932336728089
13.7690976548474
13.79311086284
13.9752783002332
14.4640785462689
13.9236321020871
14.3440970957745
14.4538273513317
13.7864735247567
14.0408493978903
14.0813783179037
13.7562868944369
14.3780839683022
14.3823023876175
14.4873346847016
13.6016209011432
14.1187750021927
14.204733769875
13.6485884308349
14.3908105916344
13.6626703001093
13.6218664695043
14.4775568572804
14.1271102654282
13.5191994300112
14.329164144583
14.498877475271
14.3680955162272
13.8969110748731
14.4362417825032
13.8247728960123
14.4724475615658
14.0625984538347
14.079329037806
14.324690353591
13.6984444775153
14.1189896350261
13.7245646149386
13.525223730132
14.2565051247366
14.138156944653
13.5578689130489
14.1737978132442
14.1915447707288
14.2452289597131
13.6240618706215
13.6511717867106
13.6774306253064
13.5088694677688
14.133788643172
13.8727508850861
13.7777200490236
13.6725085007492
13.7037111413665
13.7218708817381
13.7534315045923
13.6700976893771
14.4216767640319
13.8453134584706
13.5851092091762
13.877817805158
14.0433435195591
14.2870109260548
13.8203135277145
14.3380385183264
14.4984704852104
13.713442992419
13.9372964913491
13.8787299962714
14.4655767085496
14.1411165022291
14.3061353338417
14.4190621888265
13.5586224480066
13.977642855607
14.1968827883247
13.5446715094149
14.2568543169182
14.091673724819
14.0101404630113
13.9526017664466
13.5254819660913
14.4618436093442
14.4876274396665
14.1343595581129
13.9255413468927
13.7666259051766
13.5805694879964
13.8301415634342
14.3940501029138
13.8066751984879
13.9024238411803
14.0737913975026
14.0969883843791
14.0700171375647
13.7180712879635
14.3201267444529
13.5366557808593
14.1255828149151
13.9334789381828
13.8569261385128
14.2736676400527
13.673452047864
13.9932089732029
14.2371889085043
14.0110010227654
13.9750869160052
14.0878999405541
14.0725373793393
14.1549177407287
14.3651255557779
13.8968463758938
14.4601161556784
13.8808772552293
13.6700882799923
13.7316048785578
14.4499202093575
13.583508157637
13.6930440159049
13.5746952951886
14.1050160080194
13.7158428963739
14.0879872606602
13.7288976032287
13.8909251792356
13.8479059133679
14.4183794024866
13.6120391236618
13.7549761435948
13.686624069931
14.2455435229931
14.432968782261
13.9947118938435
14.1449936812278
13.675802586833
14.1029946461786
14.3877576659434
13.9902094043791
13.5183835725766
13.6793907922693
13.7993911383674
13.776964061195
13.5616094244178
13.8553213477135
14.077037754003
14.0350315584801
14.1042728303
13.9861489783507
13.6316265680362
14.4645700487308
14.2424615763593
13.8668393846601
13.6508252948988
13.7269396733027
14.2451168089174
13.5505923777819
14.0939932968467
13.6532506484073
14.2627807250246
14.4952810648829
13.6739981106948
14.1191308225971
14.0379831739701
14.3182582622394
13.8217469071969
14.0823269367684
13.5709323794581
14.070644013118
14.0606772506144
13.9341709394939
14.4619487852324
14.211271684384
13.7584695320111
14.4256775376853
13.9208116631489
14.3163007455878
14.2546650476288
13.9121433044784
14.0144168320112
14.0422847184818
14.4740243041888
13.5736379548907
14.2695038053207
14.3725549092051
14.4898655845318
14.4651476440486
14.1364213186316
13.5653892939445
13.6284147549886
13.9927847804502
14.1632448602468
13.6893787137233
13.6775983932894
13.6155603255611
13.6569524002261
14.3574108495377
13.924860531697
14.3783416710794
14.3248265639413
14.4788196168374
14.1345430158544
14.1915232760366
14.292183339363
13.534170645522
14.3199936810415
14.18763616262
13.9317768919282
13.7438757868949
13.508147703018
13.9211061433889
14.2869569079485
14.0955921227578
14.4849630587269
14.0280434559099
14.0232784177642
14.286444804864
13.5877224092837
13.7561119806487
13.8566041202284
13.7490554579999
13.675018487731
14.0729220807552
13.9833931482863
14.3099489691667
14.2505152339581
13.8474437976256
14.3068744842894
13.7517642281018
14.0929635539651
13.6562157333829
13.6751596515533
13.7263773009181
14.2919632520061
13.8883764797356
14.4112220325042
13.6218470511958
14.4878351569641
14.2552879205905
13.8107758339029
13.5198653580155
14.1822830613237
13.9387360666879
14.3837007053662
13.5742437855806
13.9536695559509
15.3880362706259
15.2001592416782
14.8046156112105
15.0848908023909
15.3704537700396
14.9465235592797
14.8373730396852
15.0669086086564
14.915764981648
15.3326606648043
14.6537075880915
15.15864904318
14.5010268189944
14.8204509285279
15.4501328805927
14.51255250955
14.5790907654446
14.7132883705199
15.4948432589881
14.9920395875815
15.1276341180783
14.5059613350313
14.7858539987355
15.4864804171957
15.2576923249289
14.5682749908883
15.3107639786322
14.6228714070749
14.909918360645
15.427543645259
15.0542082393076
14.5142666143365
15.4673652811907
15.2700655325316
14.5799524132162
14.8654198483564
14.9804265452549
15.1757606919855
15.2864472507499
15.3100580573082
14.5786775036249
14.6689144410193
14.5367327940185
14.7401423088741
15.4121951819398
14.5013634797651
14.7273004481103
14.6682629317511
14.6497625149786
15.1480971612036
14.9855725492816
15.1932443194091
14.7896694566589
15.4786716597155
14.7881263294257
15.0257645212114
14.577822269639
15.178553835256
14.681949716527
15.0298044551164
15.3016788288951
14.8131871959195
15.1912734117359
15.2730445226189
14.761793632526
15.1787601530086
15.4921432959381
15.0514875198714
15.4306844735984
14.7074043448083
14.7299590394832
14.9839865893591
14.9610593938269
15.2827213569544
14.5006052660756
15.2506233800668
15.3307324375492
14.8146712363232
15.2120331600308
14.7517115492374
14.8093474982306
15.1959548471496
14.9230956470128
15.3528902130201
15.0343999166507
15.0481775163207
15.345543978503
14.8770290799439
14.6660436785314
14.689248028677
15.3568678160664
14.837503234623
15.2750282350462
14.5690702020656
14.7409492656589
14.7428018378559
14.8871129890904
15.3718050210737
15.4671970484778
15.3669162709266
14.937715301523
14.6919377921149
14.5822944045067
15.0834516375326
14.5703614954837
15.0276626558043
14.9722882853821
14.5481913706753
15.0945408076514
15.2912712150719
15.098868683679
14.5279159292113
14.8957266318612
14.6062439645175
14.5241113880184
15.3408977678046
14.8263999258634
14.7942976471968
15.3228979797568
14.9143474246375
14.5101712229662
14.552408388583
15.2303703813814
14.5733949469868
14.5703566265292
15.1371719671879
14.9133058709558
14.930717830779
14.5802463705186
14.7771166786551
15.2940710189287
14.5910974657163
14.7766821775585
14.6362554582302
15.1634760950692
15.4791300224606
14.7118113343604
14.872026984347
14.6183647166472
15.2805361473002
14.56557821366
15.2837750923354
14.623852211982
15.2773416724522
14.861349072773
15.1159300107975
15.417042729212
14.6052200999111
15.2155457939953
14.6563665554859
14.7615757212043
15.2737913676538
15.0947590705473
14.5953767166939
14.6584679337684
15.2010907148942
14.7691827262752
14.7968300636858
15.0626652922947
14.8451765123755
15.4963633108418
14.7148896281142
15.0907471976243
14.908991047414
15.039928927552
15.3098068775143
14.510653143283
15.1749895561952
15.3801815540064
14.9080887658056
15.3940521345939
15.3078513138462
14.5522684226744
15.4511394693982
14.998940351652
14.9974591836799
14.7012220104225
15.1809973192867
15.0473041837104
15.1095777403098
14.8081829964649
14.6640611647163
15.3473997262772
14.6770707250107
15.086210725829
15.4725565495901
15.0340993138961
15.3109162545297
15.1509065111168
15.27098110714
14.5345583152957
15.0586602811236
14.6200873670168
15.1862996281125
15.4141256611329
15.0603497603443
15.0755760448519
15.0167501550168
15.1580485822633
15.0883965801913
14.5799245799426
14.656136253383
15.4850813674275
15.4918297973927
14.7947561906185
15.2887124645058
15.1868310652208
14.9008266634773
14.8968411360402
15.3874139406253
15.3220780955162
14.7652450397145
14.6811708740424
15.4564740674105
15.3373998422176
14.8466526318807
15.3420864418149
14.5101301828399
14.7145419239532
15.413734979229
14.5486553451046
15.3712309442926
15.1557880060282
14.7193718783092
14.509437143337
14.5792144953739
15.2674508516211
14.5332878560293
15.2749520642683
14.8939596300479
15.2848172585946
14.5333322957158
14.8661515780259
14.7076884398703
15.4659125376493
15.0649660073686
14.941115951864
15.3038681165781
14.6656332775019
14.7061185622588
14.8485866775736
14.9508149076719
14.6031767327804
15.1006184618454
14.6005779078696
15.4571861091536
15.0809744393919
14.6688943800982
15.0185711332597
14.5543228397146
14.6818746277131
14.5324744703248
14.9134484047536
15.2108047315851
14.9382942167576
14.9760303508956
14.8797047215048
15.279968342511
15.4615772031248
14.9439984140918
14.7765765190125
15.1528749417048
15.2547240352724
15.0887063818518
14.8668980705552
15.0093910261057
14.64422911359
14.7666545356624
14.6738209126052
15.3965272952337
15.0623431326821
14.8424543179572
14.7837296803482
15.247538483236
15.0628501947504
15.0653859954327
15.1333318289835
15.4625865919515
15.2689412040636
15.2615241766907
14.6527221475262
14.8677979679778
15.4136157941539
14.9963501468301
14.5277347269002
14.9501393854152
14.5271877180785
14.5182709295768
15.37196247885
15.4551888892893
15.3927384191193
15.356308729155
14.6235330754425
14.7216547387652
15.1902721775696
15.1487721258309
14.591445192229
15.0955695847515
15.4443782379385
14.6286576529965
15.0247018889058
15.4318757080473
14.9419820662588
14.9019716132898
14.8655225003604
15.0728299773764
14.6061674009543
15.1572138320189
15.3004791578278
14.6600811390672
14.9991498063318
14.6388657728676
15.1885982102249
14.980641926406
14.7078128748108
15.2177213355899
14.8334210712928
15.0294273840263
15.0934987487271
15.2598890119698
14.5396959094796
15.1311799522955
14.670349805383
15.2072565858252
14.7647222746164
14.5803224456031
15.2132072695531
15.2508141221479
14.6702255255077
14.7148221596144
14.6368552900385
14.8207047870383
15.1596533132251
14.9582466033753
14.721783839399
14.5496916156262
16.3429674953222
15.9603559768293
15.5446690639947
15.83002010989
15.8504820233211
15.7362209986895
15.7093228262383
15.7895849689376
15.7998300432228
16.3935240039136
16.262660629116
15.6040293686092
16.2586695484351
15.9147337856703
15.7210356765427
15.5067186998203
15.5302505425643
15.7501018368639
15.720494979294
15.8080809917301
16.4088925838005
16.4385027736425
15.9919046049472
15.668020266341
15.68889455311
15.6915552215651
16.003481938038
15.5811121538281
16.2946965505835
16.071347230114
16.4689296071883
16.375768768834
16.2058531600051
15.6153546776623
15.6609923474025
15.8351543345489
16.4886091854423
16.4140789425001
16.0350971801672
15.7468936925288
16.422346818028
16.2534896170255
16.4035073134582
16.1515481560491
15.5207791626453
15.59587902762
16.4495869642124
16.3881765885744
15.95623399131
16.2867438609246
15.7010267567821
15.8127032006159
16.02976180939
15.6829994372092
16.0324056411628
15.8481135857292
16.0102481618524
16.292195686372
15.9412105511874
15.7862922439817
16.4335603227373
15.5304510646965
16.3489856007509
15.9431827196386
16.132075233385
16.279914357001
15.7804739128333
15.6232040566392
16.3934331869241
15.9059733019676
16.2551082305145
15.6108172624372
15.8383093136363
16.0464931910392
15.8121320467908
15.9472945570014
15.9042810713872
15.9865642609075
15.9391680352855
15.7668636271264
16.1518778365571
15.7390494730789
16.3133156227414
16.308244503336
16.0890447478741
16.041866859654
15.546547611244
15.9258556906134
16.1406398213003
15.5006563479546
16.3663883605041
15.6010451705661
15.595739741344
16.2772403710987
15.5295114114415
15.8420718803536
16.2863158739638
15.6134625256527
15.8502527570818
15.8302138817962
16.1966766696423
15.8536143023521
15.9061790679116
15.8080298986752
16.4592029345222
16.190268852748
16.3857395113446
16.4358551395126
16.244079901604
16.3384461568203
16.2993567835074
16.3936402923428
16.3311370029114
15.8707501012832
16.3719797658268
16.3007615969982
15.6772845436353
15.66327769286
16.4444891053718
15.9446376014967
15.5783925901633
16.4855716242455
15.5158382183872
15.9948825070169
15.9266262443271
15.880065433681
16.2369443832431
15.7795383522753
16.1562838719692
16.2797261027154
16.2220525057055
16.4824060443789
16.0433227170724
16.159887838643
15.7750393613242
15.8969441247173
16.059184578713
16.4809502954595
16.4649667760823
15.7180398683995
15.8931708696764
16.371084483806
16.1915888634976
15.8367515369318
16.1904816739261
15.6534502422437
16.3903988075908
16.38844602881
15.6380033474416
15.5359492159914
15.8550171498209
15.8789460782427
16.114776698174
16.0061894406099
15.8379551330581
15.8291296530515
16.0732970384415
15.5507100436371
15.900962987449
15.7606310436968
15.6686996838544
15.559731005691
15.5525821361225
16.4727702478413
16.2946075901855
15.5316677016672
16.0432848050259
15.5175970334094
16.2766698980704
16.257301493315
15.5105481466744
16.3179140819702
16.3563458765857
15.9223096976057
16.1342957052402
15.9180750255473
15.8246643501334
16.2657872259151
16.2046555131674
16.4190513570793
16.1101365513168
15.5558548604604
16.2361521350686
16.4039679183625
16.2018148798961
16.0776995082851
16.0658392510377
15.8671755059622
16.0569217095617
16.397090169834
15.7722306072246
16.3263331654016
16.1759956625756
16.3993669091724
15.7966598134954
15.8854644168168
16.4053496769629
16.2811764106154
16.0425509177148
16.11628018599
16.4257361160126
15.8025084354449
15.8632352137938
16.4605609502178
15.9195762854069
16.0642395031173
16.3004763331264
15.9781949587632
16.3716635326855
16.2015874246135
15.6283666382078
16.1516335648485
16.299508373253
15.74016515119
16.3639953329694
15.9787948571611
15.829741615802
16.4954256159253
16.2595422144514
15.9710649566259
15.7575843699742
15.8835112275556
15.7979536119383
16.2686262843199
15.9297404729296
16.1559668981936
15.7426568809897
15.7951845997013
16.4299193618353
15.6394657357596
15.9823611795437
16.3017257086467
15.8352981226053
16.0473009278066
15.5506137637421
16.1851848352235
16.0260165685322
15.8854014640674
15.7180781683419
15.5492560362909
15.8386038513854
16.0275428404566
15.8600995335728
16.491589037003
15.5463581129443
15.5719018939417
16.1763672304805
15.6623596125282
16.0803737926763
15.5907658538781
16.1560991611332
15.8575065832119
15.7340254802257
16.4164303359576
15.5305550002959
15.9390740415547
16.4736903212033
15.8991408075672
16.4197698656935
15.5987638756633
15.8206670100335
16.0260190623812
15.5733354249969
16.3497417517938
15.9230580090079
16.488096073037
15.9788741287775
16.4056940055452
15.5185059309006
15.6921438220888
15.8843070205767
15.8074364240747
16.028291253373
16.2282256816979
16.4535565343685
15.9959941271227
15.632017247146
16.108468755614
16.4918685795274
15.5947096680757
16.3952834571246
15.834860897623
15.9721784659196
15.6771179698408
15.8516550282948
15.6765591155272
16.1530457781628
15.736101077171
16.3971640043892
15.8391476080287
16.4237961117178
15.9977388526313
16.0698413795326
16.2367797389161
15.7148275200743
15.8053127576131
16.3634998612106
15.6957200542092
16.3509455015883
16.446970957797
15.7745611120481
16.3398560495116
15.6438557656948
16.2570503712632
15.94612656557
16.4554317763541
16.1353250604589
15.6641009869054
15.9069694352802
16.4797600267921
15.6469390587881
16.3899851848837
15.6967034875415
16.1205870718695
16.2925409930758
16.233795536682
16.2517203395255
16.0244563592132
16.1299516235013
15.9558772447053
15.7540048300289
15.5574859934859
15.9353031979408
16.2711349804886
15.6291554460768
16.4839162628632
16.3141769329086
16.4816809010226
15.5363396902103
16.0674140593037
15.9017182702664
15.9570463178679
15.9033243900631
16.0722064818256
15.7602509530261
16.3740875625517
16.4930872519035
16.4302022175398
16.4865280450322
16.1583426662255
15.8023853495251
16.3674201818649
16.1712595610879
15.9891996209044
16.1285839099437
16.1906600708608
16.1722914853599
16.3821177494247
16.1877381980885
16.499863459263
15.7505363265518
15.9784665529151
15.5151006982196
15.7520197825506
15.8266581406351
16.1721320122015
16.2484413038474
15.8424355036113
15.7802598278504
16.2373781139031
16.126969395671
16.133541706251
15.7159814911429
16.4059410293121
16.0862459396012
15.6685838587582
16.1831976918038
15.6139906628523
16.0278850416653
16.4415096032899
15.6489464440383
16.0891215237789
16.3782764496282
15.6781572066247
15.9708335476462
15.6414623493329
15.5993826135527
15.7903514541686
15.7454759983812
16.222559324
16.0362745539751
15.7990011726506
15.6997004100122
16.4101770636626
15.5329712047242
16.0963244251907
15.6509050088935
16.0776482631918
15.9544766531326
15.9938087740447
16.0262071203906
15.8830128898844
16.4288978960831
15.9334178511053
15.7447624779306
16.3762572715059
15.6826599177439
15.5903237543534
15.7391598697286
16.3614304899238
16.3325555075426
15.8629126455635
15.6879071355797
16.2687459674198
16.9407884473912
16.9767092384864
17.4806569600478
16.5891814369243
16.5973854917102
17.1356687599327
16.6985389890615
16.7616051512305
16.818762333598
17.3695766965393
16.5520885842852
16.7039108537138
17.07225858327
16.53690574551
16.5180922632571
16.6965497224592
16.8409774915781
16.7836532921065
16.6863340684213
16.7044217132498
16.7318530171178
16.9061018396169
17.3671695115045
16.7758126207627
17.252554503968
16.8406307867263
17.4601033339277
17.1285409312695
17.3453131965362
16.6222836265806
17.055707331514
17.2764258028474
16.7593793733977
16.9989803689532
17.0844167468604
16.9847530412953
17.108539856039
16.5208632645663
16.8827998430934
16.8816199109424
16.5674072960392
16.7892264013644
17.2647429062054
17.3015847622883
16.7040312464815
17.417860072339
16.6021610680036
17.3908846008126
17.0134312293958
16.6327817616984
16.8379823183641
16.7130003552884
17.3287021841388
16.9643343791831
16.8362534807529
16.6446503587067
17.3680710431654
16.55432262877
17.1138830846176
17.285630304832
17.079446654534
17.0271694813855
16.9105134136043
17.2305231585633
17.3836000605952
16.6144750553649
16.8241477441043
16.8667570133694
16.753948567668
16.620749427937
17.082967506256
16.7034348747693
17.0797523185611
17.0906479402911
17.4771866635419
16.7075381847098
16.7427460192703
16.660246446263
17.2891687015072
16.5957476415206
16.9562902485486
16.5757544871885
17.4375497931615
16.694110536715
17.2145788134076
17.4557906915434
17.2418580709491
16.7560302701313
17.1125322701409
16.6328180124983
16.6801932349335
16.5799355178606
16.7711811356712
16.9401283997577
17.2114582327195
16.8467879709788
16.6504681364167
17.0995062545408
17.3906183275394
16.8887009432074
16.5981341134757
17.3072118423879
16.6180842809845
17.2642655551899
16.6262543259654
17.3545317880344
17.0367687072139
17.0961917501409
17.3630542331375
17.3674381836317
16.5590932832565
16.9694896915462
16.842481704196
17.3245706693269
17.0292904512025
16.9372355998494
16.5564257903025
16.747774575837
16.8980863480829
16.6112132810522
16.9216225701384
16.7391892317683
17.3505322916899
16.7270251698792
17.2477123248391
17.2177186154295
16.595164871309
16.9792247258592
16.6271420500707
16.7642370050307
16.7270417888649
16.6845032104757
16.5172559637576
17.4348202652764
16.6210398946423
16.9064256437123
17.2891678570304
16.6058684885502
16.8415946166497
16.8335944246501
17.2744019369129
17.0371671579778
17.287171488395
17.297589224996
16.7239058946725
16.9661575381178
16.8223439655267
17.0445300301071
17.4715694251936
16.6493010192644
16.8636828097515
17.287106834352
17.0866091318894
17.0397894780617
17.3738860089798
17.2694265847094
16.9508374996949
17.4390540674794
17.0585890528746
17.0710001250263
16.6073091202416
16.8887622107286
17.4774780054577
16.7214519521222
16.7200632635504
16.7821709911805
16.6192211753223
16.6801336607896
16.784447416896
17.1442755761091
17.4603550266474
16.5710949900094
16.5379184696358
16.5404609409161
16.9169247993268
16.7522641436663
16.6085932364222
17.3608794494066
16.6513924167957
17.0488797924481
17.0107245228719
16.8105650271755
17.1829777606763
17.2484398207162
17.4525184566155
16.8626145678572
16.8462935297284
16.9542303306516
17.1687046966981
17.0290917479433
16.5028211879544
17.3618733556941
17.0568856701721
17.4019198671449
17.4503259698395
17.4001683222596
17.1939464460593
17.3362238756381
16.9631887101568
17.1290996850003
16.9391008273233
17.4699211309198
16.7795488894917
17.4794687838294
17.1829252010211
17.4080061144195
17.1699788856786
16.9130646085832
17.431386237964
16.6491589329671
16.517021660693
17.0765008493327
17.0087410414126
16.7893665386364
16.7764025914948
17.1083383793011
16.890518135624
16.7909836422186
16.8859357240144
17.3215426262468
16.7329800506122
17.4857181445695
17.115445851814
17.332475731615
16.7366159311496
17.2709013433196
16.5587735532317
17.014899645932
17.3610125950072
17.4854021423962
16.8967622607015
16.9682835850399
16.9206555183046
17.4156348449178
16.9823143770918
17.4424083230551
16.6241788584739
17.0637079395819
17.2312367144041
16.5005705221556
17.1283555852715
16.8707262456883
16.5857618749142
17.1761967570055
17.1091577457264
16.5960991012398
16.8989047068171
16.5983217679895
17.294567694189
17.3176325543318
16.9050144138746
16.5025872802362
17.1085804034956
17.0923369249795
17.4101574528031
16.8939510115888
17.4642002768815
16.7550939803477
16.6407717959955
17.0252544239629
16.9540666555986
17.0217223740183
16.5856974001508
17.0975494950544
17.1835156420711
17.0493564354256
17.1202254684176
16.7962361807004
16.7844997227658
17.1019827623386
16.6676721198019
17.4173871385865
17.4909104229882
17.2476683645509
16.9925386093091
17.4328098034021
17.1170389961917
16.8917040633969
16.69637799263
17.2200788778719
17.4341720733792
17.1926438871305
17.3885809301864
16.7286658671219
17.0465689501725
16.7069991915487
17.0370497819968
17.4692777772434
17.3032339066267
16.7040468240157
16.9006468614098
17.3291248758323
16.9411270173732
16.8950532434974
16.530888692243
16.635866106255
17.1771844241302
16.5624880669639
17.4975382138509
16.6138490170706
17.1253325005528
16.5255865557119
16.5687424391508
16.6883372995071
17.300191444112
17.3348242170177
17.2246877106372
16.780629894929
17.1429027030244
17.4587858812883
17.0371090446133
16.9314533183351
17.224118740065
16.6741241288837
16.8203243811149
16.8879777383991
16.5544939073734
16.7779245644342
17.2154537870083
16.8285460823681
17.101455149008
17.0239208173007
17.3605491279159
17.0327692639548
16.6114219052251
17.275893481914
16.5629397972953
17.2052852676716
16.5492558798287
17.2813166589476
17.2841392625123
17.0525757397991
17.3551084063947
16.7098720448557
16.7300552504603
17.1734104305506
16.9447833604645
17.1600653445348
16.5778218938503
16.843248273246
17.3074548002332
16.8489753552713
16.552082400769
17.3632828008849
17.0569194543641
17.4099553360138
17.261296632234
17.0455418427009
16.977882002946
16.8474313532934
17.0682078043465
17.4507691871841
16.7613790098112
16.6068054414354
16.753757920349
16.6809038680512
17.0313889200334
17.3023495413363
16.9794951861259
16.6774015631527
16.8971333445515
17.3142269926611
17.4413570764009
16.6733499339316
16.8549407995306
17.2050400413573
17.4592409199104
16.9278014099691
16.6359153178055
17.3137412392534
17.3068449604325
17.4081103547942
17.203601886984
16.9587965197861
16.5816244133748
17.2307439721189
17.4326815153472
16.5359482921194
16.6070394425187
16.8963889277074
16.6522837432567
16.6131122275256
16.7861522019375
17.0810097218491
16.641628384823
16.9944173397962
16.8602843971457
16.9070264308248
16.7811819864437
17.9253134294413
17.9635015898384
18.3292696545832
17.8590942525771
17.9387990457471
17.5072597151157
18.4681479106657
17.8374980825465
17.5284441991244
17.8565427300055
18.1403145531658
17.7866335776635
18.4827652049717
17.5823013337795
17.6280308184214
17.7635509811807
17.7129416274838
18.4464028296061
17.845473791007
17.9054226230364
18.0365413515829
17.775828687707
17.9056714088656
17.9355091883335
17.8220541588962
17.5034356892575
18.4729690738022
17.612912589917
18.0485721952282
18.3722973803524
18.3625945600215
18.1105436997022
17.5014780960046
17.824025955284
18.3704432805534
18.0068344587926
18.4052399508655
18.4863147649448
17.8146870655473
17.51283630752
17.9110444807447
18.2740809258539
18.4523188378662
18.2263657746371
18.0164391591679
18.2339548305608
18.3504056637175
18.3183862161823
18.2216140064411
17.941471767379
17.9371103683952
18.3359352650587
17.8851106544025
18.1744154326152
17.5778185459785
18.3289767145179
17.5162454729434
17.6126932308543
17.9910245127976
18.1829870527145
18.1063317593653
18.3972596579697
17.8074928908609
18.0424655547831
18.2359167695977
17.6561521010008
18.1824515408371
18.3807794903405
17.8666801329236
17.5330144132022
18.0197800530586
17.6127143974882
18.4023852781393
17.7199716686737
18.1234765013214
17.863139717374
18.2885998543352
18.4536392746959
18.1865372958127
17.5109916639049
18.4577867933549
17.9981033089571
18.0407934517134
17.5598330555949
17.6611268797424
18.2579936988186
17.8225997760892
18.1184480451047
18.093928179238
17.548124833731
17.893811998656
17.8115981188603
17.9326804217417
17.8594910064712
18.2469328427687
18.4524562153965
17.7190070934594
18.3267370350659
17.5274756415747
18.4476845506579
18.4782736664638
18.313566470053
18.1682951878756
17.7977041867562
18.3531797525939
18.3462503205519
17.8774766190909
18.367635844741
18.0372935405467
18.0775370837655
17.5156519564334
18.4112624891568
18.1398257499095
18.0540489319246
18.1800593624357
18.4399618238676
17.682285688119
17.9447658862919
17.7982813676354
17.9519721525721
18.410457347054
18.2740581161343
18.1806202929001
18.1297865444794
17.90009350935
17.5545396546368
18.1439747901168
17.719813041389
17.5890372835565
17.6307512088679
18.3793885090854
18.1520402522292
17.5281480583362
17.6310630678199
17.6575951420236
17.9734761286527
18.2506978807505
18.3402839191258
18.3754055609461
17.5110687566921
17.5415691805538
17.7113589141518
18.2261828512419
18.2941190449055
18.1336929660756
17.6497605189215
17.9859278346412
18.2489431279246
17.7656033502426
18.2586781084538
17.6960068522021
17.8774320008233
18.0603189200629
17.9526414726861
18.3861630873289
18.0887866311241
17.5682992786169
17.6305422410369
17.6467730633449
18.3603166951798
18.4492760153953
18.3964432955254
17.6136517310515
18.2933859520126
17.5043177721091
18.1981399096549
18.0069664847106
17.7694441031199
18.1346498085186
18.4976566024125
18.0050743438769
18.4332329996396
17.6912088871468
17.9847625445109
18.1341256480664
17.7023031320423
17.9296019107569
18.1706884538289
18.3215878619812
17.8586911933962
18.1182715559844
17.8470696022268
18.2559665651061
18.0654269047081
18.1275880329777
17.8922145569231
18.1583818884101
18.1831062473357
18.2763255555183
18.2676564226858
17.5110934360418
17.7308132899925
18.1977144372649
18.4039487901609
17.5889520738274
18.1627002165187
18.1417572605424
18.4338846874889
18.4057034666184
17.5282599737402
17.8269662116654
18.3663508722093
17.7094979509711
17.9898572929669
17.965626492165
18.0320635552052
18.4435650170781
18.0362583580427
18.0402475688607
18.1388178365305
18.0591293708421
17.5611279506702
17.7923835932743
17.9836248438805
17.7988622565754
18.0337553699501
17.9443807364441
18.2926722855773
17.55598377157
17.8650290111545
18.3914179515559
18.0192399586085
17.8686409974471
17.9175626910292
17.522696062224
18.0904885600321
17.9930354629178
17.6029071107041
17.9047903872561
17.5524687760044
17.5365673368797
17.7310961468611
18.4798027302604
17.5462939788122
17.6319506443106
18.4284404455684
17.5879400612321
18.4425855404697
18.174114161171
17.5038287381176
18.349251258187
18.0155908435117
17.9223498152569
18.3596117568668
18.0899088061415
17.5638678425457
17.6351874226239
17.9111147681251
18.3302812757902
17.887132702861
18.1227952593472
18.1052724448964
18.0402270359918
18.0843694913201
18.272804728942
18.1982195565943
18.341093179537
18.4775121724233
17.7319270458538
18.3573060673662
18.1847045207396
17.8001914948691
17.6612214315683
18.2672343710437
18.4871116334107
18.3580974314827
18.1760698074941
18.3117145725992
17.9857147631701
17.9605728792958
17.8119103338104
17.5205816389062
17.9127149446867
18.4799998844974
17.6354027751368
18.2306759369094
18.0253040571697
18.4615994163323
18.220230341889
18.4106163862161
17.80385016324
18.1286679641344
17.7082374426536
18.3504987028427
17.55162265338
18.2632759234402
18.2152899331413
18.2677571931854
18.1307284566574
18.3165235396009
17.9163177867886
18.4377216270659
17.7907832725905
17.6140161480289
18.1019358965568
17.5253674585838
17.5845331076998
17.8336106494535
17.5704086690675
18.2050798477139
17.5741995039862
17.8250137793366
17.8589419208001
17.8883326165378
18.2854433711618
18.1043482397217
18.2625897531398
17.7358604427427
18.7859846767969
18.8175566690043
19.421906708274
18.9504368223716
18.6259479012806
18.6439860921819
18.8110706550069
19.4752889231313
18.7317632737104
18.5382028366439
19.0632569862064
19.3184629585594
18.5399563447572
18.5301193404011
19.3819578378461
18.5962230737787
19.3862900091335
19.3799591462594
19.3358761020936
19.0572437290102
18.9673266340978
19.2641139689367
19.376213284675
19.2019524313509
19.1867986654397
19.1368704016786
19.3311825080309
18.8651015502401
19.0705569786951
19.1301522420254
19.1149526003283
18.536818969762
18.5172858156729
18.5680118638556
18.7952719915193
18.6267040381208
19.3447147251572
19.0828926290851
19.0403317885939
19.0644098795019
18.611477636965
19.0032651964575
18.6689364009071
18.8304364182986
18.7891746468376
19.3718617123086
19.4830759223551
18.9497398801614
18.9287372312974
18.7987117348239
18.7595493316185
19.2933505859692
18.5181931650732
18.534577911254
18.5285940209869
19.068425016012
19.389193500625
19.0548569613602
18.6973234547768
19.2924305580091
19.4475129335187
18.5712402206846
18.8710389952175
19.1697651271243
18.5099983566906
19.2498938813806
19.4858462419361
18.7739096577279
18.6395196523517
19.4764042433817
18.8063016319647
19.0694241134916
19.0382075272501
19.4614592741709
18.9521761222277
18.8786709802225
18.5644230844919
19.1710256733932
18.5654471057933
18.7019689073786
19.4185832450166
19.4568852800876
18.7393416336272
18.906939328881
19.2961472880561
19.3806285962928
19.4561591686215
19.1271942208987
18.7179408029187
19.0255977762863
18.739814594388
19.4406498111784
18.5231360632461
19.1347123296
19.4712753428612
18.6073245368898
18.7247625698801
18.6462227418087
18.8527317263652
18.8334411559626
18.5862908954732
19.4711490601767
19.2709436579607
18.5301099128556
19.4464075209107
18.9714438382071
19.0899387558457
19.4872202400584
18.8443883717991
19.1618747950997
18.5475011996459
19.380997015629
19.4319800054654
19.4549137454014
19.2553703570738
19.3285547532141
18.9836569218896
19.2254218636081
19.3857718475629
18.5624301570933
19.402944783913
18.5282520765904
18.8219628552906
18.6281493776478
18.6101419138722
19.013342239894
19.3322931609582
18.945708966814
19.2559114918113
19.3997295247391
18.8080472273286
19.0568540231325
19.4991946788505
18.7020942452364
18.5053999614902
18.8040863724891
18.99675341486
18.5283771625254
19.372602669755
19.4340786456596
19.4308759411797
18.5465287743136
19.3354293555021
19.3358895357233
19.0589668329339
19.3811505183112
19.2849173313007
19.4044057345018
19.2114348059986
19.0755039828364
18.9890725871082
18.7042821147479
18.6902229567058
19.338384618517
19.3880539054517
19.0677782637067
18.8627004760783
18.7311140510719
18.884228762472
19.0724399948958
19.0999191368464
19.2944546092767
19.0045869299211
19.0401519555598
18.5240896218456
19.2772291693836
18.8349348937627
18.9684780922253
19.2298312017228
19.2447189858649
19.3908038004301
18.8006323669106
18.6018985195551
18.6906895330176
18.7576666802634
18.7726245380472
18.5072795150336
19.4179063583724
19.3405081662349
18.877059336286
19.0020399922505
18.832168674795
19.2855352261104
19.2816249399912
18.7866522306576
18.8876158171333
19.0846586986445
19.4941502234433
19.3357358858921
19.2268553427421
18.9074299498461
19.4585263526533
19.301964900922
19.2048519505188
19.243434723001
18.5411616840865
18.5558531857096
19.3967904141173
19.1215001589153
19.2156109125353
18.5064597253222
18.6508103711531
18.890337652294
19.2141618761234
18.7903255997226
19.3373315508943
19.3094964232296
18.6818676942494
19.115423773881
18.5981720706914
18.7751795649529
19.2801457759924
18.9375421982259
18.7219722813461
19.0730658590328
19.2804865974467
18.6555224312469
19.3471297670621
18.7483018110506
19.302099082619
18.6069903748576
19.0790442836005
18.5623896184843
18.5907182868104
18.7999514963012
19.1408301526681
18.9926090657245
19.0553141799755
18.5584233943373
18.8429119607899
19.1800546669401
18.9343857492786
18.75212142081
18.6464282702655
19.1221309935208
19.0796774050687
19.0566776082851
18.5243488457054
18.8541892450303
18.8778889640234
18.5258919151966
20.1764273399021
19.5550569642801
19.543264717795
19.5055322106928
19.706780816894
20.4134085166734
19.8410961928312
19.8591745656449
20.3662595839705
20.4735904661939
20.4802583954297
19.57271237229
19.961705907248
20.43081730837
19.6301905848086
20.35906312312
20.020018735202
19.7243786558975
19.9271324106958
20.262412854936
20.0938283042051
20.219509370625
19.7840913364198
19.9416749721859
20.2513883518986
20.4340923416894
19.5714133388828
19.8899180484004
19.6276254344266
20.4787065410055
19.6611711292062
19.6158989786636
20.2860697291326
20.4052935475484
20.0998701022472
19.8001366574317
19.7260461277328
20.1384240482002
19.7790248543024
19.9714304739609
20.4228356126696
19.9470396290999
19.6761266991962
19.9649075816851
20.3671367706265
20.3206353108399
20.4459266734775
20.0125403886195
19.6052263502497
20.4129157019779
20.4897059157956
20.0451808755752
19.9122315510176
20.0691877228674
20.435180360917
19.9786745747551
19.9447591023054
19.8355065400247
19.5619698725641
20.0823509877082
19.6724155882839
20.3396262421738
19.7813231255859
20.2921368130483
20.229115832597
20.3403762837406
19.9948080070317
20.4584294364322
19.5768314378802
20.139469825197
20.347690366907
20.0618756301701
20.0838705231436
20.4397631818429
19.8044025215786
19.9744573931675
20.3294570303988
19.6566747247707
20.4318320616148
19.6859565651976
19.7928234525025
19.7563901597168
19.6105387385469
19.5758171298075
19.5385264467914
20.4219315217342
20.234411330428
19.7762942945119
19.8515303095337
20.36842391151
20.2705492619425
20.4914390956983
20.4776806847658
19.8433687330689
20.393299239222
20.1443491950631
19.7940573501401
19.7825465793721
19.555148402229
20.4982455014251
20.4606097198557
19.6403128516395
20.4566023324151
20.3806996094063
19.732670544181
20.3077412389684
20.4273090125062
20.3241162241902
20.3527971794829
20.3472431858536
20.287992113037
20.2300535824616
19.7868083145004
20.2284692910034
20.0470378047321
19.6859575845301
19.8531263575424
20.1743783319835
20.3206986426376
19.8539372195955
19.9151534375269
20.4977456305642
20.3683319292031
20.2680357710924
20.0065336206462
20.2996912552044
19.6264710270334
19.5132211919408
20.3577324990183
19.5921776550822
20.1272111390717
19.6643685824238
19.7562992183957
19.7785763805732
19.7178771358449
19.7850131385494
19.6700790831819
20.2400958582293
19.9901032212656
19.9062092723325
20.3851549422834
19.8826310182922
20.2626721758861
20.3828908165451
19.8314757156186
19.5174748271238
20.2810253698844
19.9707908607088
19.5503344901372
20.3060419943649
20.2498820158653
20.3587471346837
20.4158092150465
19.9184530097991
20.3481117240153
19.832284449134
19.6454931951594
19.927703554742
19.7897619258147
19.8332055869978
19.8892441454809
19.8355606466066
19.6090290301945
19.587896955898
20.4044857209083
19.9220722645987
19.5308967877645
20.0925525927451
19.9403760726564
19.7886932422407
19.9272345157806
19.6327843756881
19.9688888594974
19.5514836322982
19.9835348101333
19.8490731860511
20.3779437604826
20.4575224553701
19.8273580532987
19.7882513932418
20.474585211603
19.7621728864033
20.3063650657423
20.4972936366685
20.358123119222
19.5251586968079
19.5389354524668
20.0566684820224
19.7196602700278
20.2468144395389
20.0484519421589
19.8161018306855
19.6981908408925
20.3817320209928
19.6613638708368
20.289716308238
20.4217582477722
20.0212606391869
19.5203643825371
19.6215352502186
19.7203054314014
20.1267849588767
20.2165034124628
19.8741874147672
19.930000867229
19.6878221663646
19.6706809820607
20.0601218547672
20.4520056911279
20.2188280259725
20.1110785792116
19.9684499704745
19.5259514320642
20.3019946978893
19.8295341320336
19.5060189084616
20.4428502696101
20.2698877127841
20.4761593767907
19.7840017548297
20.2482549636625
20.1127673408482
20.0128014306538
20.3744372385554
19.513281904161
20.0554956600536
20.4240965796635
20.0354298830498
19.7278492504265
19.5042672392447
20.1747420064639
19.6117601057049
19.6147858714685
20.2731173713692
20.2259709571954
19.5783975780942
19.5051084849983
19.9552599985618
20.4890256349463
20.1194482452702
19.7373728780076
19.8616646402515
20.2426223228686
19.6973173355218
19.5262142333668
19.5719839727972
20.0818325823639
20.1042070647236
20.4826049041003
19.5282371218782
20.3621388189495
19.6774228110444
20.1596227467526
19.9555816710927
19.8157937922515
19.6672137042042
19.9298823322169
19.9352990025654
20.4988133083098
20.3051562039182
19.8369113712106
20.0072199704591
19.7904895953834
20.0545883253217
19.7659109588712
20.445077045355
19.6267656311393
19.9556888893712
20.154302526731
20.112352547003
20.0689442672301
19.5236329433974
20.3833868931979
20.0122616374865
20.1707300078124
19.7236258322373
19.6027294150554
19.6104736200068
19.8758965777233
20.3419167313259
20.0386203227099
19.9914068761282
20.4878313380759
20.3277525813319
20.6466711654793
20.6818093794864
20.9072447028011
20.5081483481918
21.2862977078184
21.0647163952235
20.7652641141322
21.3272129758261
20.8247155582067
21.4945299313404
20.739496344002
21.3125119449105
20.5366195442621
21.3555270293728
20.5011619981378
20.7690304610878
20.961208982626
21.1379013862461
20.5973528381437
20.8172765548807
21.0758077360224
21.1635080582928
21.2913513132371
20.6182938101701
20.731169059407
20.8505820315331
20.958335949108
20.5721909771673
20.7433690719772
21.0182545022108
21.0012544388883
21.1745297880843
20.6995401293971
21.0229527833872
20.7469786391594
20.7615110501647
21.3012218179647
20.9056763541885
20.7662996745203
20.5502015422098
21.3118524516467
20.9119333110284
21.0894514552783
20.5379020404071
20.7873670344707
20.9938302431256
20.7918156811502
21.4600310807582
21.1294878399931
21.2593479130883
20.7255824664608
21.4306992825586
21.37801841693
21.411954281386
20.8903612166177
20.8707159101032
20.7922251061536
21.1418838249519
20.8899973330554
20.5338000932243
21.0839801861439
21.3142795900349
21.0722808982246
20.7360319746658
20.6136313497555
21.3265218590386
21.4399730188306
20.5306616220623
20.5411253825296
21.3743097549304
20.8522202670574
20.8074852607679
21.3711818861775
21.4230511602946
20.990252809599
20.9922849605791
20.6850234973244
20.7617128456477
20.8482472246978
21.1908534814138
20.6403723098338
20.976776043186
21.3326198100112
20.7655863822438
21.2752347334754
20.685494924197
20.890233527869
21.492025062209
20.6467959249858
20.6711457665078
20.6326642746571
21.2119708291721
21.4118517499883
20.916281843558
21.2848354750313
20.6543734867591
20.5122919178102
20.5822354448028
21.019093003124
20.5682925025467
21.3105923342519
20.579855440883
20.654718979029
20.5672961501405
20.9370498245116
21.2536894592922
20.5121625945903
20.9064208567142
20.9116528106388
21.4772035293281
20.7214068181347
21.2367111069616
21.3237531948835
21.4503439357504
20.5985238691792
21.192418950377
20.7842263870407
21.3010750343092
21.331794714788
21.1798385584261
20.9160394321661
20.8438217490911
20.7968746765982
21.3221336053684
21.0008798560593
20.9967863012571
20.8643619315699
21.3493814810645
20.8135325761978
20.7121083948296
21.0857934586238
21.3423668507021
20.6253839079291
20.8775303838775
21.1716037122533
20.6877684604842
21.0047590236645
20.5272868473548
20.996297850972
21.4473517108709
20.8811821339186
21.1982137262821
21.1887658084743
20.9777306767646
20.7733476141002
21.2569163322914
20.7475320606027
21.0213394833263
21.1128432408441
20.5950499763712
21.0657587638125
20.5168741615489
20.6998788823839
20.9175838008523
20.705506088445
20.8772214069031
20.5764517178759
20.6449739956297
21.0535919540562
21.1617425607983
21.2356475044508
20.8762094175909
21.3687571526971
21.295470046578
21.3218030219432
21.4016953124665
21.4825073413085
20.7659510804806
21.2870983704925
20.6907470300794
20.5037491016556
21.056995858904
20.9097492762376
21.4229488002602
21.0210634837858
20.5413925978355
21.0658512513619
20.7011825796217
20.9347148318775
20.7370720535982
21.4868603111245
21.1461031825747
21.2823847560212
21.4914215502795
21.3171411622316
20.8213550534565
20.5980055881664
20.8348716346081
20.5188533239998
20.5442751238588
21.2772062905133
21.6488223948982
21.5384751376696
22.2789746709168
21.5181956617162
21.7280390274245
22.3510476131923
21.8133164567407
22.2660420925822
21.8620294355787
21.6912518911995
21.975161754759
21.7476480528712
22.4473425087053
21.7071354929358
22.3936566028278
22.460227616597
22.4777096868493
21.5677777484525
21.5318395830691
21.9448383771814
21.8217845540494
22.2232553944923
22.3515498936176
21.9866135085467
21.8806258412078
21.9178461316042
22.1247881378513
21.9243316035718
21.7582503103185
22.4584166212007
21.5308180670254
21.7574672903866
21.6137167341076
21.7426634898875
22.4711030516773
22.3522328063846
21.8968204904813
21.9800927983597
22.4631105172448
22.4596734188963
22.3071113137994
22.1554934331216
22.258841523435
22.210887209978
22.447762156371
22.4811890902929
21.5558995229658
21.7454016089905
21.7709338110872
22.4091495557223
21.8770335428417
21.775055379374
21.6782304437365
21.9731128877029
21.8987898791675
21.6316607634071
21.5186322373338
22.1219174638391
21.5782189560123
22.1599571199622
22.229327719193
21.5706880488433
22.0954242565203
21.590797903249
22.4038772133645
22.2420826172456
21.8689903670456
21.9306771170814
21.8502891701646
21.5231301237363
21.8368161318358
21.8705253310036
21.6689418260939
22.1602891755756
22.0983645929955
21.6384776805062
21.6192231078167
22.0192067115568
22.1899093086831
21.7600446806755
21.9294775992166
22.4188957822043
22.2807515535969
22.0824341913685
22.3939746490214
22.2203740524128
21.8386256939266
22.4987510566134
21.833700411953
22.3624374677893
21.98144581425
21.9095640459564
21.7550790498499
21.8204758234788
22.4454867441673
22.1626782836393
21.9746156816836
21.8390315838624
22.3075292857829
22.3787089318503
22.1474241558462
22.2862191800959
22.421566584846
22.1482860336546
21.917213676963
22.1312078894116
21.5037026675418
22.1774300453253
22.2287975880317
21.9785738552455
21.6506522055715
22.1354262141977
22.1905434965156
22.0882149711251
21.6650549999904
21.541824816959
21.9623671537265
21.6682743970305
21.7897973982617
21.8338993953075
21.9029341712594
22.0877052035648
21.7563028938603
22.2526326728985
21.6626056388486
22.1338877021335
22.0778543699998
22.3430723068304
21.6118922519963
21.671440947568
21.8878056488466
21.9111353124026
21.8819566022139
21.5145239024423
21.761534916237
22.3561546164565
22.4593199116644
21.7472850051709
21.5307835503481
21.7601245609112
22.0124387925025
22.4669110870454
21.6133095000405
22.2564131929539
21.5899519557133
21.6408762985375
21.9817717969418
22.1769560480025
22.4856648747809
21.6271688074339
22.4225007798523
22.0551342212129
22.0726978948805
22.3910743405577
21.7568997885101
22.4664131142199
22.4794519578572
22.1249132822268
21.9073018301278
22.2804913795553
21.6863506701775
21.7644701299723
21.5873159151524
21.7212119908072
21.7796007425059
21.7080899570137
22.452351574786
22.3968427721411
22.3612037259154
21.5941450437531
22.211416750215
21.7078803374898
21.5508327006828
22.4278496268671
21.892988628475
22.184387413552
22.3625391724054
21.556240941165
21.8768542222679
22.0943454930093
21.747611920815
21.8422416057438
22.020767793525
22.295389410574
21.7390702627599
21.6220222485717
21.861404055031
22.4249141789041
22.4916905688588
22.0886450442486
22.2091865672264
22.4662457632367
22.3941283011809
21.8548004543409
22.0197276854888
22.0316288745962
21.8243572281208
21.7736917117145
22.2446953975596
22.0650335750543
21.5687100216746
21.9229591456242
22.4291086301673
22.8849702216685
22.9122499031946
23.2311211642809
22.5012542956974
23.2126065448392
22.6923974435776
22.51492391387
22.8394767704885
22.5363455633633
23.4766614362597
23.2218123285566
22.9685203845147
22.5579089615494
22.5689271534793
23.3468692176975
22.8871055266354
23.0302601570729
22.6837878413498
22.9556260977406
22.5577417488676
22.5482779268641
22.7519662966952
22.7512355006766
22.5317150542978
23.288324028952
23.4963618046604
23.3645776286721
23.1095885187387
22.6058727840427
23.2340373171028
23.3116312175989
22.6247771750204
23.3625125463586
23.4024549419992
22.5462886218447
23.1992095604073
22.8503616300877
22.6739612687379
23.0460219883826
22.9571018160786
22.8793650420848
22.8447139735799
22.7475397575181
23.4009007969871
23.1683702126611
22.9350036960095
23.0990060491022
23.3610900600906
23.4639909113757
23.2672535418533
22.76332040946
22.8824030312244
23.0484056060668
22.9800936277024
22.6767801539972
22.6942308850121
22.6906148802955
22.8092426892836
22.8939582195599
22.5813695588149
23.2526552304626
22.8356453638989
23.4237039212603
22.8575977543369
22.8529571546242
22.9136831208598
22.7134778220206
23.4937789591495
23.1027208885644
23.0577132091857
23.3939915194642
22.569730199175
23.2819647504948
23.3236185421702
22.987648943672
22.8866654699668
22.5539362814743
23.4206374695059
22.7545599683654
23.0214399956167
23.3230516701005
23.445947338827
23.3469847461674
22.9931277181022
22.6117869634181
22.7936891689897
23.0694548091851
23.4760746941902
22.7567495680414
22.5859518009238
23.4780546808615
23.1645438855048
23.0884282574989
22.6644556808751
22.5993891032413
23.3835597636644
23.1856147074141
23.1703788912855
22.8156648762524
22.8339261168148
22.8585175916087
22.8528400079813
22.7651472652797
23.3129178499803
23.3748153517954
22.6434365876485
22.667827768717
22.7184993901756
23.494066484971
23.1583127363119
23.3217851414811
23.2734544521663
22.5364702339284
22.5431723294314
22.5562438180204
23.0762286433019
22.9829103683587
22.622671921039
22.8974733224604
22.7604922195897
23.1508153798059
23.4053140007891
23.2401288938709
23.3417171211913
22.5442399126478
22.923272797605
23.3739395465236
22.675364339957
22.8487615943886
23.1218447797
22.9217000028584
23.4433259197976
23.4952325013001
23.3175715438556
23.4009784844238
23.1558425179683
22.9036365184002
23.0301700965501
23.0024810221512
23.3553114696406
22.7540336286183
23.3204124434851
22.8643647499848
23.2908209527377
23.4098338265903
22.7383493527304
23.2232150714844
22.5035770449322
23.2638999719638
22.7853411140386
22.8403825559653
23.4030621426646
23.3775797600392
22.9245403343812
23.3164796652272
22.7617211074103
24.0841873227619
23.5209061289206
23.8960981923155
23.7727980599739
23.7027883497067
23.7094987023156
23.6168929405976
23.7719987372402
23.5889260207769
24.0346280084923
23.7702091727406
23.9073771953117
24.1826646663249
24.396620371379
23.8026014920324
23.558932491811
24.2590592089109
23.5676569011994
24.1118025584146
23.6362912291661
23.7397403018549
23.988389725564
24.0395855088718
24.4851355962455
24.102988835657
24.4146233119536
23.7361436167266
23.8525739109609
24.463099833345
23.7180650066584
24.3727668698411
24.3969003017992
23.8908880189992
24.1209638244472
24.174278995255
23.8377901746426
24.4321219620761
23.9849861927796
23.9867940002587
24.3824450597167
23.9812744394876
23.9579269737005
23.5277696053963
24.0802142673638
23.9947634784039
24.2824247626122
24.0237024847884
23.7938602140639
23.6250581131317
23.5213551393244
24.0017875267658
23.9913548054174
23.6884445745964
24.3891996121965
24.2489044070244
23.9310578366276
24.0019527010154
24.2466590669937
23.9281531171873
23.7919015013613
24.1494660959579
23.6794555366505
23.6703454400413
24.1689826704096
23.8567941051442
23.8501303531229
24.1235093402211
24.3002110451926
23.7390842204913
24.3297090961132
24.1662081440445
23.8406712708529
23.7325835519005
24.0401486735791
24.0106747823302
24.3214109994005
24.2139711731579
24.427799327299
23.5961041259579
23.8457417923491
24.2232144312002
23.8145181015134
24.3540527548175
23.8759180905763
23.9092776824255
24.3868613152299
23.7114562254865
23.7257307714317
23.7974176176358
23.7580828252248
24.2036831055302
23.8996533530299
23.7853880741168
23.597424098989
23.5088885866571
23.8355433302931
24.4514056420885
23.8448892282322
24.4694379873108
24.0238723715302
23.5130347721279
24.251962327864
23.5883080242202
24.4417251516134
23.7462846531998
24.2914058796596
24.288811595412
23.6018166721333
24.2200441400055
24.4337962877471
23.552653784398
24.2901630413253
23.8330947328359
24.0257445897441
24.3408856694587
24.4105344882701
24.0687142258976
24.2060555322096
24.12985568773
23.9387792265043
24.3393174158409
23.7801716479007
24.4529419213068
24.3123497941997
23.9346185282338
23.513512481004
24.4779291409068
23.9384546997026
23.6605479603168
23.6298472639173
23.5638070576824
23.5216856256593
23.7613497602288
24.0880870933179
23.7096093916334
23.9491128181107
23.8327870713547
23.5214827535674
23.9034489602782
23.8898619457614
23.5816700512078
24.1629875984509
23.7542642250191
24.2398506160825
24.4953547352925
24.1157667511143
24.2381655008066
24.2639732023235
23.9054742122535
24.076326550683
24.48403736623
24.1433544433676
24.3485350925475
23.9548571475316
24.3721207948402
23.6499626433942
23.9957670501899
24.0997079166118
24.0431403580587
24.3218779219314
24.3656329757068
24.4885451185983
23.6838688254356
23.8294477257878
24.8805478715803
25.0046882729512
25.0911160258111
24.5167103265412
24.9077210917603
24.7141469377093
25.0889687801246
25.4012693243567
25.4394947357941
24.8996177883819
25.4639447967056
25.2152831559069
24.6913678750861
25.2477577361278
25.0264336797409
24.6711515986826
24.7791844473686
25.0061868140474
25.0363431232981
25.0919377424289
24.9327733654063
24.8776383800432
25.3103946447372
25.0815065279603
25.0548451410141
24.7565601163078
25.1965431629214
24.6244023120962
25.1534251142293
25.2010736444499
24.5565329240635
25.4183289830107
25.221959620947
25.0720636665355
25.0629430841655
24.9723748099059
24.7986962234136
24.8842011564411
24.5558448801748
25.4213235036004
24.7045799100306
25.3643334440421
24.6531258728355
25.4199017880019
25.3870561178774
25.2334011974744
25.2731273444369
25.1079357478302
25.2844473752193
25.1913377491292
25.0740817205515
25.1038563030306
24.8977342410944
24.6150467044208
24.727263760753
25.4842927341815
24.8936845716089
24.626007337356
25.444244859973
25.3295290099923
25.1552186049521
24.6082433990669
24.9269248605706
24.6857020519674
24.9254052385222
24.7391898606438
24.9855336237233
24.6155252733734
25.4063084735535
24.9720608799253
24.8554672491737
24.6978768191766
24.7223898342345
25.0623237332329
25.0836973718833
25.4781738955062
25.1510803520214
25.2696189794224
25.329486890696
24.5453621642664
24.723780141212
25.1835740297101
25.1709462620784
25.0297663377132
24.9508559340611
25.4739575516433
24.7393835845869
25.1932723394129
24.638164390577
24.8980253513437
24.5765593594406
24.6033895830624
24.9984610613901
25.0186595551204
24.740543052787
25.3829710576683
24.8849839568138
24.6856526082847
24.8099226637278
24.7220490465406
25.4806010678876
25.3375712800771
25.4514602851123
25.3203688943759
24.7425194394309
24.8860823053401
25.481714055175
24.8129482273944
24.6470572864637
24.8928753526416
25.392528852215
25.3656838091556
25.1220156534109
25.0233739034738
24.7635813311208
25.102049752837
24.6936185488012
25.4485976134893
25.3312828703783
25.3076772217173
25.3321414464153
25.3882063464262
24.670448687626
25.457319873618
25.2882860226091
24.8772248802707
25.2889957351144
24.9593050377443
24.7203344081063
25.0663954177871
24.5154173122719
25.1760233812965
24.9407922879327
24.807983344188
24.8497369640972
25.0897647954989
24.7991615079809
24.7392760834191
26.4286170736887
26.1381384641863
26.0142159031238
25.6717690662481
26.1768527070526
25.9081319253892
26.0199552734848
26.4179715011269
26.4304062225856
25.8653391860425
26.2504837061279
25.7427693693899
26.224816750735
26.2208651292603
25.5706388431136
25.5013717594557
26.1381349912845
26.0406160019338
26.2960567008704
26.0819010378327
25.9734384831972
26.4904718068428
26.4877928926144
25.7874399838038
26.2119434985798
25.711212456692
25.65764967422
26.4888562676497
26.3159155247267
26.1432812493294
26.0603287157137
25.9976598380599
25.8815898343455
26.1957015136722
26.0204130667262
25.827298829332
26.1146870641969
25.612941488158
26.0966887557879
26.2796328496188
26.0329628882464
26.035462571308
25.9838914058637
25.9606018504128
26.2982850144617
25.5941332171205
26.4573323326185
25.7131274573039
25.9104398873169
26.1852322537452
26.0436065236572
25.6706422762945
26.204795059748
26.1912992964499
26.0307906079106
26.3929100309033
25.8221108745784
26.3282518954948
26.2781604696065
25.5919654285535
26.4525283249095
26.0505127001088
26.3183228089474
26.0039555970579
26.209309066413
26.3172572252806
25.609303181991
26.1492203709204
25.9285531956702
25.595363749424
25.5829450769816
25.867546192836
26.024591493886
26.3701685969718
25.6161048805807
26.3250362458639
26.388213690836
26.4664195606019
26.1667871850077
25.6633622958325
25.8239501870703
25.7511914854404
26.4127047799993
25.8540798081085
25.8736790225375
26.3402178965043
25.6342419914436
26.0406786156818
26.0152457491495
26.4309553191997
26.2714948297944
26.2122768845875
25.5783811616711
26.0566380948294
25.7043836140074
26.4663504781201
26.3668652190827
26.1979096261784
25.7849692567252
26.2554918453097
26.4457522826269
26.0111729220953
26.3197695410345
25.9344542240724
26.1125572780147
25.7354439771734
25.8583948081359
25.5999511089176
25.7059792396612
25.9118265844882
26.0520644523203
26.0108972620219
26.0849526266102
26.4661972853355
26.1879427840468
26.3806837806478
26.199070219649
25.8608037778176
26.3656096956693
26.3247950791847
26.194308666978
25.6388857262209
25.6090960118454
26.0476817605086
25.7756102900021
26.1814511248376
26.3579005762003
25.5448116303887
26.7590083319228
27.3835076869
27.2643027531449
26.7457893330138
26.8692244132981
26.5351125085726
27.4006297523156
26.6069894661196
26.9580653153826
26.5243759397417
26.9542586528696
26.8401562755462
26.8374987847637
27.2955423775129
26.6036454972345
26.7872083338443
27.0339796317276
26.6099456325173
27.0426509184763
26.8693467576522
27.476887617493
27.002463265555
26.5888534137048
27.0973754178267
26.7443404395599
27.1727674729191
26.5011953501962
26.9032212689053
27.4056642723735
26.9695371505804
27.138627004344
27.3692917651497
27.289763903711
27.4430324339774
27.4500087960623
26.7038745163009
27.2764454903081
27.1883616163395
27.2800651232246
27.0074107139371
26.8741800507996
27.4067406740505
27.3530977116898
27.3238741867244
26.6997863482684
27.3590846962761
27.020535976626
26.8819853679743
27.4383359376807
27.3519285633229
27.3607653414365
27.2608815433923
26.5021101697348
26.6021478874609
26.9219508380629
27.6756461109035
28.3043148457073
28.415218167007
27.7724859765731
27.8223803450819
28.0804426148534
28.4058619679417
28.2372724423185
28.2450311484281
28.1421997463331
27.6420867731795
27.9883354147896
27.7949481094256
27.652984691551
27.5972488336265
28.1167899009306
28.0754369169008
27.6618912694976
27.500200380804
27.7282761542592
28.3871284681372
28.3020519590937
28.1144299085718
28.2909532352351
28.2923982639331
28.0397601837758
27.9120243638754
28.2543329731561
28.4243323500268
27.9990410825703
28.0751922829077
27.7189293997362
27.6631515633781
28.3826355098281
27.9687942431774
27.5191966097336
28.3161371853203
27.5427573926281
27.5740739102475
27.9786940568592
27.9715090300888
27.7823815175798
27.7129742850084
28.1187709174119
27.5611199960113
27.7831107079983
28.4819677793421
28.4327542639803
28.0664511381183
27.6040793459397
28.1964084943756
27.9656767866109
28.0498944621067
28.4400302032009
27.5569106999319
27.8174506989308
28.0291131588165
27.5458825023379
28.4111220538616
28.4673185560387
28.4154961989261
28.087928451132
27.8025496944319
27.9240503213368
28.4352184652817
27.6938047963195
28.4330794902053
27.821377991233
28.292342745699
28.3713315904606
28.4521082860883
27.8545112137217
28.3449396220967
28.3501928502228
28.2009574186523
27.8706439470407
27.5258913368452
28.3988081270363
28.254371291725
27.8693641256541
28.0304222819395
28.4139746630099
27.7011558979284
27.7556413430721
27.9403085133526
28.2452031003777
27.6595732038841
28.228020608658
28.388121803524
28.2221993431449
27.9317835075781
28.2770973662846
27.5911084897816
27.5188951850869
29.0562865035608
28.9554931554012
28.5982805932872
28.9215568078216
28.5913500778843
28.7972971412819
28.5354995254893
28.8557036498096
28.7488729434554
29.379180375021
28.817978880601
28.8211205045227
29.3478879465256
28.8812703839503
28.7751243221574
29.4179435027763
29.3769449361134
28.8264847961254
28.591228680918
28.69859372871
28.6772864861414
28.986933732871
28.6413004156202
29.0603143034969
28.5733737091068
29.4213622580282
28.7780204820447
28.5343961811159
28.9540702635422
29.0239616988692
28.7356483347248
29.3807844065595
29.0013166100252
28.8759879907593
29.3382672332227
29.2768506635912
29.329833981581
28.8147835847922
28.5437531450298
29.2757725240663
29.1153913233429
28.7060841114726
28.625277600484
29.4627907357644
28.9304243533406
29.1353464100976
29.0140218441375
29.1650374771561
28.752454288071
28.5953151509166
28.7073396397755
28.9570432482287
29.0485019299667
29.3934552008286
29.0260539432056
29.172891655704
28.5421420093626
28.849807378836
28.6747430302203
29.0226093232632
29.4029686977156
29.2208864062559
28.7776008096989
28.826844296651
30.2106528643053
29.7170441227499
29.9227185971104
30.4448205300141
29.7456869021989
29.5491838296875
30.0329544234555
29.6981020902749
30.0667661153711
29.9484205176122
30.2897478784434
29.8241977025755
29.9159751627594
29.9685242325068
29.6969878999516
30.3623888448346
29.5973715533037
29.6102712182328
29.5054691946134
30.3618561623152
30.2041098726913
30.4967941469513
30.0093605821021
30.2319130250253
30.3524342989549
29.820454872679
29.8062862362713
29.5990212690085
30.2414952234831
30.2838245779276
30.186416718876
30.213390820194
29.6137157802004
30.2310255451594
29.9988150631543
29.9533415071201
30.443727795966
29.9807661494706
29.6603003377095
29.9392638502177
30.023931160802
30.0700330878608
30.2445427856874
30.3232937487774
29.907838791376
30.122971057659
30.2720692274161
30.1576550188474
30.2057730576489
29.6310196784325
29.7018140724394
29.778769583907
30.0536196893081
30.1320157088339
29.8880438602064
30.1874624479096
30.1796373354737
29.8574631845113
29.6342718254309
29.8670086117927
29.9570684665814
29.8910534668248
30.0200335327536
29.5245448700152
30.1220537156332
30.3087760349736
30.0709869712591
30.2623483638745
29.6446221082006
30.274298198754
29.6651190205012
30.1019269616809
29.787284078775
29.7580312809441
29.5997637938708
29.89835997927
30.4765187273733
29.9197459185962
30.0283746311907
30.2766737125348
29.8438074174337
29.563312479062
29.9223967513535
30.4658848713152
30.8470778416377
31.0157824158669
30.9640897263307
31.1390473463107
30.9233573598322
30.9413939984515
30.7635966627859
30.5180316558108
30.8550640747417
30.927008934319
30.7319036901463
31.4558021244593
30.708026508335
31.4506157205906
31.221650676569
31.4103328017518
30.7973202466965
31.4194578367751
31.4292382639833
30.9518773183227
31.050152270589
31.1208532340825
31.3099237305578
30.8012654988561
30.8165156804025
31.0992343740072
30.5124506207649
31.3437896489631
31.0062307280023
31.3719544576015
31.3712180044968
30.8965508500114
30.9699461790733
30.5663863508962
30.8286243560724
31.3227692220826
31.1025983397849
31.3982972975355
31.0053224395961
31.4889708526898
30.6675519163255
30.6951489429921
31.4512713514268
31.0259248118382
30.910963997012
31.3562261804473
30.564434760483
30.8721163559239
31.5908427103423
32.4621725671459
32.2017806735821
31.5501470984891
32.4182295822538
31.7170052309521
32.370050058933
32.0061737983488
31.9954683759715
32.0379651742987
32.3264775855932
32.3391987946816
32.2846092893742
32.1657661804929
32.0346411676146
32.3682620928157
32.0130833464209
31.7297537215054
32.4397713926155
31.519512019353
31.5080889330711
31.5580983988475
32.0664445182774
31.8137048247736
31.843427519314
31.5130554561038
31.5404190625995
31.6177257949021
31.7438902971335
32.2291295002215
31.9444618695416
32.4350055044051
31.823390742531
32.1413533976302
32.3374414504506
32.4503645887598
32.2540296735242
32.0356513247825
31.6333693403285
32.266877418384
32.2059483902995
32.2105036173016
32.2823569353204
32.3012794577517
31.6165935893077
31.8779086947907
32.9023507398088
33.3026364513207
33.4509435449727
33.3475366269704
33.1925318844151
33.1240983160678
33.3186028173659
32.7334333197214
33.4604745502584
32.7901630345732
33.0505444693845
32.8581764302216
33.1048676769715
32.7117422944866
33.3599374305923
32.9361067409627
33.0037375695538
33.4629544753116
33.1495923954062
32.5258243780117
32.7970261874143
32.5905600776896
32.7053826241754
33.2347360306885
32.9813941193279
32.6113087327685
32.7867822614498
32.7489299289882
33.2843271573074
33.1235136804171
32.7586326012388
33.307726996718
32.7176858750172
33.313152685063
32.6836545735132
32.9221368343569
33.3704549556132
32.7739055608399
32.8505534131546
32.931047111284
32.7764966993127
33.6867238602135
33.9502515201457
34.0992314317264
33.8146571228281
33.9473963573109
34.4526436426677
34.0777839750517
34.2536425951403
34.1454708105884
33.7334128268994
33.8303950671107
34.1187086752616
33.6257774115074
34.1016638770234
34.0369582728017
34.3697003137786
34.2456981742289
33.8782399976626
34.2997055468149
34.2951983292587
34.3656378993765
34.3799812188372
34.2231233911589
34.4759389159735
35.0152963341679
34.9856005925685
35.0572458070237
35.0283680781722
34.9581225044094
35.3913139826618
34.6480611350853
35.1124779742677
34.5688685590867
35.0854288006667
35.0656891444232
35.4154839434195
34.6496190696489
35.3123477560002
35.175304838689
35.0069870280568
35.2391729003284
34.5511442024726
35.4853162581567
34.9600247095805
35.255413422361
35.3706860374659
35.0486826456618
34.8046112565789
34.9438281736802
34.5104980433825
34.7184263940435
35.108229503734
34.9926040587015
34.7669134463649
34.9550804381724
34.9556064335629
34.8754569087178
34.9545774261933
34.9397590826266
35.6179434466176
36.1817738506943
35.9303102300037
36.1165792136453
35.8010915170889
36.1495821946301
35.9125091801398
35.5907883848995
35.7901735173073
36.1754870517179
35.8305082931183
35.824328920804
35.7851463358384
35.7786235432141
36.4654467483051
36.7979058038909
37.2250055032782
37.2921868578997
37.119330500951
36.8194895980414
37.4570980244316
36.7329674486537
36.6860179158393
36.8817506022751
37.2168586577754
37.4455725187436
36.6556838520337
37.0365228776354
36.8148939507082
37.3241236328613
37.1954665181693
37.1340811031405
36.7877782436553
36.90752325207
37.8146744065452
38.2495065594558
38.4296145124827
38.3505755164661
38.4445568847004
38.4073256731499
37.7324293428101
38.152670851443
37.9847285437863
38.0101260300726
38.3393432719167
37.9269046259578
37.531000884017
38.0827593824361
37.8309348777402
38.184798165923
38.3253841232508
38.4072185766418
39.1492083962075
39.3388271501753
38.8814271616284
38.9764443715103
38.6576282528695
38.9822255217005
39.2909714065026
39.2492163237184
39.4278077951167
38.7165356748737
38.5142177275848
39.6742748967372
39.8426140993834
40.1689295608085
40.473850929644
40.1410427140072
40.186149506364
40.2794792875648
39.9199203446042
39.9608932221308
39.6210752341431
40.4012503304984
39.8557485833298
40.1677050623111
40.2763110871892
39.6855930115562
40.0783949608449
39.7526290901005
39.8246494941413
41.1607969950419
40.6786304863635
41.1785100433044
41.9571139654145
41.8887222856283
41.614360031439
42.1773294715676
42.4962620963342
41.7787216096185
42.4420786332339
42.491695124656
42.2512470323127
41.9046815878246
42.0463372271042
41.6950089947786
42.8204956897534
43.1916089328006
43.4675708296709
43.0551000817213
43.5982833725866
43.6331141658593
44.3316574303899
43.7740339851007
44.0919410311617
44.2598110395484
44.3058075206354
43.5885426506866
45.4209407786839
45.6235032819677
45.9948079676833
46.4807422112208
46.0801448354032
46.0821139516775
47.5026680226438
48.3975501633249
47.9372282556724
47.5255465488881
48.2971933416557
49.1116070137359
50.4856845454779
49.7657074017916
49.6258782162331
50.2226833209861
50.0914397430606
51.4326366949826
52.0090346126817
51.9939747320022
52.4160725988913
52.3990086342674
53.9027432906441
53.8495829317253
53.9979552910663
54.4349291820545
55.6677730516531
56.4023471211549
57.9922715846915
60.0657163108699
59.6232957812026
66.2545301474165
65.9375931052491
70.1346947329585
