1332.7 1911
1242.48 1912
1733.13 1913
1363.47 1914
2031.01 1915
1715.46 1916
1873.63 1917
1242.48 1918
2278.54 1919
669.01 1920
838.97 1921
1339.36 1922
1130.96 1923
2086.06 1924
3175 1925
1582.41 1926
1308.51 1927
1315.06 1928
1103.01 1929
1712.34 1930
1235.83 1931
1337.91 1932
553 1933
1061 1934
1186 1935
1415.12 1936
1556.15 1937
1513.36 1938
2109.82 1939
1384.41 1940
1152 1941
1283.9 1942
759 1943
2022.34 1944
1744.13 1945
1531.24 1946
1578.85 1947
627 1948
1281.55 1949
1520.66 1950
1674.07 1951
1927.12 1952
678 1953
1388.41 1954
1900.16 1955
1453.66 1956
2025.79 1957
1276.13 1958
809 1959
2208.23 1960
1687.43 1961
1075 1962
1566.17 1963
1316.87 1964
1960.62 1965
2016.7 1966
1626.81 1967
758 1968
2243.22 1969
968 1970
557 1971
1020 1972
858 1973
1285.62 1974
662 1975
1229 1976
1074 1977
1244 1978
2054.86 1979
1325.68 1980
1397.93 1981
1140 1982
2555.52 1983
1645.92 1984
1747.99 1985
1610.72 1986
1888.21 1987
1264.07 1988
1498 1989
1845 1990
1633 1991
2383 1992
3117 1993
2884 1994
750 1995
