"ITP","ITI","ITI_factor","Ultimate","Delta","Censored"
717931.82339,717931.82339,717931.82339,734691.2,1,0
208387.77816,209360.31181,209360.31181,211227.35,0,1
88696.93938,88696.93938,88696.93938,88825.99,1,0
539417.66068,979376.92306,979376.92306,988110.84,0,1
501574.88005,825019.00008,825019.00008,832376.38,0,1
1308987.2805,1673163.72827,1673163.72827,1688084.71,0,1
258922.12295,258922.12295,258922.12295,260577.3,1,0
762412.14619,772526.49618,772526.49618,779415.75,0,1
905801.01173,1052584.39376,1052584.39376,1061971.16,0,1
109828.97349,109828.97349,109828.97349,111177.43,1,0
303277.13854,303277.13854,303277.13854,303277.14,1,0
7361.33165,7361.33165,7361.33165,478273.35,1,0
671990.82984,671990.82984,671990.82984,672065.64,1,0
1057312.40352,1057312.40352,1057312.40352,1057312.4,1,0
22347.70118,22347.70118,22347.70118,22347.7,1,0
35562.93732,35562.93732,35562.93732,35562.94,1,0
565186.06196,565186.06196,565186.06196,565186.06,1,0
1664.52875,1664.52875,1664.52875,34012.49,1,0
553412.79399,553412.79399,553412.79399,553412.79,1,0
184925.40379,184925.40379,184925.40379,184925.4,1,0
162678.69648,162678.69648,162678.69648,162678.7,1,0
276.79804,276.79804,276.79804,276.8,1,0
391884.30558,391884.30558,391884.30558,391884.31,1,0
127815.23529,127815.23529,127815.23529,127815.24,1,0
260298.63212,260298.63212,260298.63212,260298.63,1,0
41508.4844,41508.4844,41508.4844,41508.48,1,0
360.95961,360.95961,360.95961,9418.61,1,0
685725.99743,1261449.08746,1261449.08746,1272698.47,0,1
271548.22812,292113.57436,292113.57436,294718.59,0,1
62025.20395,62025.20395,62025.20395,64024.51,1,0
43.01591,43.01591,43.01591,95747.81,1,0
272006.44109,272006.44109,272006.44109,272006.44,1,0
264198.11802,264198.11802,264198.11802,264198.12,1,0
142717.44326,142717.44326,142717.44326,142717.44,1,0
700656.25925,1322870.1984,1322870.1984,1334667.32,0,1
211879.54802,211879.54802,211879.54802,222119.21,1,0
64325.62009,64325.62009,64325.62009,64325.62,1,0
219863.67526,219863.67526,219863.67526,219863.68,1,0
3093.40512,3093.40512,3093.40512,3093.41,1,0
320535.87036,320535.87036,320535.87036,320535.87,1,0
131017.11532,294335.43971,294335.43971,296960.27,0,1
826571.31341,933838.03478,933838.03478,942165.84,0,1
46861.16,46861.16,46861.16,46861.16,1,0
837299.1077,837299.1077,837299.1077,837299.11,1,0
121023.40357,121023.40357,121023.40357,121023.4,1,0
411884.78443,415528.09314,459884.246014285,423155.57,0,1
110777.83597,367075.50907,406259.520128499,373813.58,0,1
663858.39217,663858.39217,663858.39217,669414.3,1,0
761890.95095,761890.95095,761890.95095,761890.95,1,0
376557.47662,376557.47662,376557.47662,376557.48,1,0
815.82741,815.82741,815.82741,815.83,1,0
145824.19658,145824.19658,145824.19658,145824.2,1,0
149577.36285,149577.36285,149577.36285,149577.36,1,0
169897.40842,169897.40842,169897.40842,169897.41,1,0
779995.83601,937711.66256,1037809.06281567,954924.39,0,1
379608.27492,660254.70421,730734.556425521,672374.41,0,1
57066.49686,57066.49686,57066.49686,57066.5,1,0
306041.53366,665924.07437,737009.111779181,678147.84,0,1
542928.63766,542928.63766,542928.63766,542928.64,1,0
39980.94582,39980.94582,39980.94582,39980.95,1,0
233843.50947,233843.50947,233843.50947,233843.51,1,0
85242.258,85242.258,85242.258,85242.26,1,0
408992.46916,408992.46916,408992.46916,408992.47,1,0
186077.08488,186077.08488,186077.08488,186077.08,1,0
207796.46355,207796.46355,207796.46355,207796.46,1,0
231738.20651,231738.20651,231738.20651,231738.21,1,0
177722.50795,177722.50795,177722.50795,180087.15,1,0
615011.40147,615011.40147,615011.40147,615011.4,1,0
75527.96873,75527.96873,75527.96873,79216.3,1,0
418022.39989,722668.20234,799810.474522251,735933.57,0,1
354382.45924,354382.45924,354382.45924,370862.89,1,0
95388.77371,95388.77371,95388.77371,95680.53,1,0
428563.32223,445657.87799,493230.278730409,453838.42,0,1
184789.41027,184789.41027,184789.41027,184789.41,1,0
106392.53853,106392.53853,106392.53853,106392.54,1,0
216590.47069,372653.0311,412432.422889446,379493.49,0,1
594100.64643,594100.64643,594100.64643,597119.03,1,0
281363.20481,510434.21399,564921.259274752,519803.8,0,1
186711.01699,186711.01699,186711.01699,188086.94,1,0
26517.09218,378947.32865,419398.614419596,385903.32,0,1
2318916.46901,2318916.46901,2318916.46901,2319038.93,1,0
229144.84787,575851.68589,637321.814706647,586422.08,0,1
523084.04117,523084.04117,523084.04117,523084.04,1,0
656564.57097,656564.57097,656564.57097,688192.74,1,0
163316.76085,163316.76085,163316.76085,163316.76,1,0
100973.49952,284918.26729,315332.283644686,290148.26,0,1
289519.67795,289519.67795,289519.67795,289519.68,1,0
31069.87736,1047245.04657,1159034.74779448,1066468.38,0,1
166707.93747,166707.93747,166707.93747,166707.94,1,0
1493454.01326,4247060.61431,4700419.29928156,4325020.08,0,1
382716.70341,382716.70341,382716.70341,445288.68,1,0
262591.41651,262591.41651,262591.41651,262591.42,1,0
164439.99546,164439.99546,164439.99546,174809.27,1,0
70079.21416,474423.933,1088899.36732712,491573.81,0,1
238041.43952,299794.75331,688089.901247136,310631.99,0,1
56504.60249,313608.33634,719794.882331823,324944.92,0,1
162611.34514,162611.34514,162611.34514,162611.35,1,0
477397.22146,477397.22146,477397.22146,477397.22,1,0
77807.68614,585228.71385,1343218.86381926,606384.06,0,1
594474.1344,594474.1344,594474.1344,594474.13,1,0
180461.46596,180461.46596,180461.46596,180461.47,1,0
547403.7052,547403.7052,547403.7052,547403.71,1,0
3974.19745,3974.19745,3974.19745,95153.89,1,0
394482.82147,394482.82147,394482.82147,394482.82,1,0
231973.64524,231973.64524,231973.64524,231973.65,1,0
173754.68308,173754.68308,173754.68308,173754.68,1,0
161129.0301,161129.0301,161129.0301,161129.03,1,0
42904.01567,42904.01567,42904.01567,42904.02,1,0
215072.48312,215072.48312,215072.48312,215072.48,1,0
1621576.45906,1621576.45906,1621576.45906,1621576.46,1,0
429959.67685,429959.67685,429959.67685,429959.68,1,0
279572.23576,279572.23576,279572.23576,279572.24,1,0
181935.12261,181935.12261,181935.12261,181935.12,1,0
247636.65871,247636.65871,247636.65871,248206.38,1,0
103623.51862,103623.51862,103623.51862,104478.97,1,0
1200514.1358,1200514.1358,1200514.1358,1200514.14,1,0
60629.45578,60629.45578,60629.45578,60629.46,1,0
311343.30354,311343.30354,311343.30354,311343.3,1,0
373113.93411,373221.29805,856618.747603634,386712.82,0,1
342674.52551,342674.52551,342674.52551,342674.53,1,0
315930.51445,332284.46682,762660.398274904,344296.17,0,1
72818.7263,78169.60652,179415.137313146,80995.35,0,1
175560.82161,518936.67608,1191065.16126443,537695.64,0,1
261000.00586,261000.00586,261000.00586,261000.01,1,0
88807.29494,88807.29494,88807.29494,88807.29,1,0
359341.91132,359341.91132,359341.91132,359341.91,1,0
352839.46626,352839.46626,352839.46626,352839.47,1,0
268233.21838,268233.21838,268233.21838,294433.48,1,0
171384.01802,171384.01802,171384.01802,171384.02,1,0
149121.58561,149121.58561,149121.58561,149121.59,1,0
76356.54128,215733.98352,495153.346671249,223532.52,0,1
125891.14606,125891.14606,125891.14606,125891.15,1,0
744.62087,744.62087,744.62087,744.62,1,0
265045.20204,265045.20204,265045.20204,265045.2,1,0
197428.43179,197428.43179,197428.43179,197428.43,1,0
364921.37283,364921.37283,364921.37283,364921.37,1,0
490383.06314,520384.35759,1194387.88461517,539195.65,0,1
342516.94295,342516.94295,342516.94295,342854.62,1,0
226953.51522,226953.51522,226953.51522,226953.52,1,0
167389.04045,167389.04045,167389.04045,167389.04,1,0
239570.50982,239570.50982,239570.50982,239570.51,1,0
57423.39005,319048.06488,731947.079133434,334149.6,0,1
287844.58736,287844.58736,287844.58736,287844.59,1,0
82604.2967,82604.2967,82604.2967,82604.3,1,0
49376.08979,49376.08979,49376.08979,49376.09,1,0
106088.49344,106088.49344,106088.49344,106088.49,1,0
168798.49188,201678.69843,462683.057785645,211224.78,0,1
56201.22609,222057.53308,509435.350434155,232568.2,0,1
816039.20534,816039.20534,816039.20534,816039.21,1,0
68927.38291,68927.38291,68927.38291,68927.38,1,0
304045.75258,304045.75258,304045.75258,504951.86,1,0
177803.2094,177803.2094,177803.2094,177803.21,1,0
517594.76004,517594.76004,517594.76004,517594.76,1,0
2055839.6183,3021299.19004,6931341.5775449,3164306.63,0,1
516142.81594,516142.81594,516142.81594,516142.82,1,0
176134.80575,176134.80575,176134.80575,176134.81,1,0
217839.90189,217839.90189,217839.90189,217839.9,1,0
130510.12658,130510.12658,130510.12658,130510.13,1,0
157514.28872,227039.43302,520864.62241858,237785.91,0,1
352850.72215,386914.79597,887644.170135516,405228.67,0,1
102123.95342,366702.46866,841273.871846424,384059.63,0,1
506152.3749,506152.3749,506152.3749,506152.37,1,0
160231.68868,160231.68868,160231.68868,160231.69,1,0
135460.39011,147140.88077,337564.617234805,154105.51,0,1
147488.88113,147488.88113,147488.88113,147488.88,1,0
266644.87146,266644.87146,266644.87146,268536.39,1,0
78033.66992,78033.66992,78033.66992,78033.67,1,0
493777.54859,712684.7626,1635012.36255477,746418.34,0,1
80236.56217,80236.56217,80236.56217,80236.56,1,0
190304.5813,190304.5813,190304.5813,190304.58,1,0
94406.33772,357684.43055,820585.056019845,374614.74,0,1
54867.50221,54867.50221,54867.50221,54867.5,1,0
135037.46144,135037.46144,135037.46144,135037.46,1,0
237717.54942,463911.12509,1064286.01319003,485869.47,0,1
267086.11594,267086.11594,267086.11594,267086.12,1,0
724425.1959,724425.1959,724425.1959,724425.2,1,0
1145374.09436,1145374.09436,1145374.09436,1145374.09,1,0
240606.45195,240606.45195,240606.45195,240606.45,1,0
282537.99809,282537.99809,282537.99809,282538,1,0
78380.00521,78380.00521,78380.00521,78390,1,0
1098.94851,1098.94851,1098.94851,1098.95,1,0
199234.37052,212097.06336,486584.446382776,222136.27,0,1
473388.7235,608003.25627,1394856.31325746,636781.93,0,1
269.74191,269.74191,269.74191,269.74,1,0
400591.70976,400591.70976,400591.70976,400591.71,1,0
995912.10112,1929134.18469,4425741.09412446,2020446.08,0,1
203250.52782,277284.69117,636135.247730257,290409.43,0,1
108907.46289,946978.92089,2172520.48028271,991802.36,0,1
152963.64282,152963.64282,152963.64282,152963.64,1,0
284842.45982,284842.45982,284842.45982,284842.46,1,0
171838.9161,305629.23749,701162.151736365,320095.62,0,1
210070.6689,210070.6689,210070.6689,210070.67,1,0
228153.36719,327922.90668,752307.379816419,343444.51,0,1
393315.33853,393315.33853,393315.33853,393315.34,1,0
318981.46194,318981.46194,318981.46194,318981.46,1,0
303907.55148,303907.55148,303907.55148,303907.55,1,0
267911.9924,267911.9924,267911.9924,264581.85,1,0
215885.10559,215885.10559,215885.10559,215885.11,1,0
54444.57354,123123.8605,282465.747280126,128951.69,0,1
281537.28891,281537.28891,281537.28891,281537.29,1,0
38921.09323,38921.09323,38921.09323,38921.09,1,0
83065.52206,83065.52206,83065.52206,83065.52,1,0
185564.11702,185564.11702,185564.11702,185564.12,1,0
147613.76164,147613.76164,147613.76164,147613.76,1,0
26198.26656,26198.26656,26198.26656,26198.27,1,0
224994.72275,245989.6346,564339.403250389,257633.09,0,1
124780.60864,124780.60864,124780.60864,125035.36,1,0
134264.86734,134264.86734,134264.86734,134264.87,1,0
664577.45883,664577.45883,664577.45883,664577.46,1,0
137661.61729,137661.61729,137661.61729,137661.62,1,0
190770.80188,201060.95615,461265.858600709,210577.79,0,1
238973.27101,542327.24959,1242084.09491316,564265.7,0,1
279642.69142,279642.69142,279642.69142,279642.69,1,0
123726.16882,313488.51252,717978.113092136,326169.88,0,1
496372.82182,496372.82182,496372.82182,496372.82,1,0
102590.9425,102590.9425,102590.9425,102590.94,1,0
202533.77771,272420.43509,623920.501524529,283440.5,0,1
193337.44865,193337.44865,193337.44865,193337.45,1,0
226198.63494,226198.63494,226198.63494,226198.63,1,0
61793.43951,79014.14205,180964.923277799,82210.45,0,1
90514.35648,90514.35648,90514.35648,90514.36,1,0
1584938.64271,2216353.72907,5076082.23201122,2306010.59,0,1
463620.50572,463620.50572,463620.50572,466688.08,1,0
646250.2509,2624541.69629,6010949.10842613,2730710.74,0,1
395829.59953,454822.83368,1041674.02273138,473221.52,0,1
865556.44213,1317356.52699,3017122.20940647,1370646.78,0,1
710528.49241,710528.49241,710528.49241,710528.49,1,0
64207.79609,196353.79335,449706.194701224,204296.78,0,1
165916.56984,165916.56984,165916.56984,165916.57,1,0
793274.64056,793274.64056,793274.64056,793274.64,1,0
67035.21899,67035.21899,67035.21899,67035.22,1,0
173013.94567,173013.94567,173013.94567,173013.95,1,0
362636.99957,362636.99957,362636.99957,372225.58,1,0
7436.79466,7436.79466,7436.79466,7436.79,1,0
139674.05075,139674.05075,139674.05075,144136.13,1,0
214290.15729,214290.15729,214290.15729,214658.39,1,0
18163.71052,26573.93276,60861.8859654223,27648.91,0,1
33267.84847,97331.55166,222917.016140163,101268.85,0,1
193683.27161,193683.27161,193683.27161,193683.27,1,0
68072.68787,515810.95398,1181354.21446165,536676.75,0,1
73636.27483,303209.88568,694437.125754393,315475.46,0,1
200929.54343,200929.54343,200929.54343,200929.54,1,0
201789.29773,201789.29773,201789.29773,201789.3,1,0
580921.73225,1711642.73145,3920150.08376404,1780882.81,0,1
223340.79243,223340.79243,223340.79243,223340.79,1,0
114590.67898,114590.67898,114590.67898,114590.68,1,0
197322.41784,197322.41784,197322.41784,197322.42,1,0
43631.33002,43631.33002,43631.33002,43631.33,1,0
120135.05355,120135.05355,120135.05355,120135.05,1,0
146846.67509,152818.52526,349998.012781083,159000.4,0,1
5821.35315,5821.35315,5821.35315,5821.35,1,0
96993.73387,252100.13417,577381.216257815,262298.19,0,1
45616.60997,45616.60997,45616.60997,45616.61,1,0
74931.50989,219229.34169,502097.72541817,228097.7,0,1
669959.62913,669959.62913,669959.62913,669959.63,1,0
16248.93756,16248.93756,16248.93756,16248.94,1,0
381465.93898,381465.93898,381465.93898,381465.94,1,0
142787.44263,262164.40743,600221.176612886,274715.56,0,1
69210.77546,101483.8903,232345.727782988,106342.44,0,1
369127.21472,369127.21472,369127.21472,369127.21,1,0
179157.04471,179157.04471,179157.04471,179157.04,1,0
129006.24992,495594.9049,1134656.53045162,519321.57,0,1
291175.41912,291175.41912,291175.41912,291175.42,1,0
106390.13038,106390.13038,106390.13038,106390.13,1,0
139078.89781,477500.16192,1093228.90864578,500360.53,0,1
231603.1655,231603.1655,231603.1655,231603.17,1,0
120486.91117,120486.91117,120486.91117,120640.86,1,0
368574.55071,368574.55071,368574.55071,372329.28,1,0
117189.40058,243236.81981,556886.770454974,254881.81,0,1
421587.19059,421587.19059,421587.19059,421587.19,1,0
100070.67148,563110.74144,1289232.94776663,590069.73,0,1
381184.21888,381184.21888,381184.21888,381184.22,1,0
303698.87787,303698.87787,303698.87787,303731.21,1,0
73288.78926,73288.78926,73288.78926,73288.79,1,0
357308.82592,357308.82592,357308.82592,357308.83,1,0
616360.45725,750428.43211,1718093.77520133,786355.28,0,1
243621.68332,243621.68332,243621.68332,243621.68,1,0
101596.27045,101596.27045,101596.27045,546209.08,1,0
103252.72301,384726.50267,880825.114173463,403145.33,0,1
192071.52479,192071.52479,192071.52479,192071.52,1,0
259111.67003,259111.67003,259111.67003,263143.5,1,0
334.06153,334.06153,334.06153,334.06,1,0
92102.45728,92102.45728,92102.45728,92102.46,1,0
26832.6842,43278.67189,99085.8203015023,45350.64,0,1
74252.4875,380991.78713,872274.543263749,399231.81,0,1
52142.84834,52142.84834,52142.84834,52142.85,1,0
266893.61029,277692.88049,635773.364884527,290987.46,0,1
205032.18849,205032.18849,205032.18849,205032.19,1,0
33339.9565,33339.9565,33339.9565,33339.96,1,0
201491.44416,1842983.59424,4219481.17311974,1931216.64,0,1
207874.02068,208363.56707,477045.021542089,218339,0,1
430865.48019,430865.48019,430865.48019,430865.48,1,0
143216.95031,143216.95031,143216.95031,144152.94,1,0
432857.53374,435235.99026,996465.770235742,456072.96,0,1
183556.8044,183556.8044,183556.8044,186991.33,1,0
40407.59007,74069.29247,169580.44882236,77615.37,0,1
190242.65337,190242.65337,190242.65337,190242.65,1,0
233890.79423,233890.79423,233890.79423,233890.79,1,0
131686.43943,131686.43943,131686.43943,131686.44,1,0
373029.73075,401344.90921,918872.687544129,420559.34,0,1
189750.02807,229455.62709,525334.952301566,240440.84,0,1
101362.27343,101362.27343,101362.27343,101362.27,1,0
209949.20475,209949.20475,209949.20475,209949.2,1,0
519581.13855,519581.13855,519581.13855,519581.14,1,0
56619.58074,56619.58074,56619.58074,56619.58,1,0
327626.61226,327626.61226,327626.61226,327626.61,1,0
92701.30491,146649.93286,335752.65275067,153670.81,0,1
203175.6069,203175.6069,203175.6069,203175.61,1,0
409838.07723,409838.07723,409838.07723,409838.08,1,0
93463.33467,93463.33467,93463.33467,93463.33,1,0
142636.33929,142636.33929,142636.33929,149472.11,1,0
258761.50345,271737.32485,622837.136972631,288083.06,0,1
1230.083,1230.083,1230.083,1230.08,1,0
127028.64355,127028.64355,127028.64355,127028.64,1,0
140410.05189,140410.05189,140410.05189,140410.05,1,0
121495.49042,121495.49042,121495.49042,121495.49,1,0
70828.20879,476971.71471,1093245.82985017,505662.86,0,1
505180.73005,963129.82545,2207547.39286316,1021064.7,0,1
299684.33695,314816.87427,721577.872120572,333753.97,0,1
463658.39761,709208.72081,1625546.0284271,751869.55,0,1
21143.80937,21143.80937,21143.80937,21143.81,1,0
90641.27854,90641.27854,90641.27854,90641.28,1,0
80162.62925,161225.24702,369537.2776525,170923.38,0,1
146598.95325,216066.81754,495237.222585035,229063.82,0,1
125896.25668,536403.52275,1229466.8557441,568669.65,0,1
331297.91414,331297.91414,331297.91414,331297.91,1,0
791246.81957,807325.23299,1850434.55844286,855888.04,0,1
69794.99828,158081.20816,362330.964853277,167590.22,0,1
23099.21207,23099.21207,23099.21207,23099.21,1,0
92242.90286,92242.90286,92242.90286,92242.9,1,0
143185.50992,523390.69524,1199640.72775554,554874.07,0,1
83549.42817,1343884.18139,3080257.65846409,1424722.47,0,1
144904.07354,269490.31402,617686.862556423,285700.89,0,1
588417.82668,588417.82668,588417.82668,588417.83,1,0
2973.81077,2973.81077,2973.81077,2973.81,1,0
174685.10831,355920.29758,815789.215771306,377329.87,0,1
617255.94583,628692.31318,1440997.92177568,666509.87,0,1
283614.80499,283614.80499,283614.80499,283614.8,1,0
262777.40619,694540.98019,1591926.74709112,736319.51,0,1
229972.23235,229972.23235,229972.23235,229972.23,1,0
188365.52599,188365.52599,188365.52599,188365.53,1,0
1249.32618,1249.32618,1249.32618,1249.33,1,0
102197.54568,102197.54568,102197.54568,102197.55,1,0
318852.02019,318852.02019,318852.02019,318852.02,1,0
95403.22441,95403.22441,95403.22441,95403.22,1,0
165904.29921,165904.29921,165904.29921,165904.3,1,0
67327.43106,67327.43106,67327.43106,67327.43,1,0
267252.18466,267252.18466,267252.18466,267252.18,1,0
216012.0485,216772.89406,496855.589434135,229812.37,0,1
175641.34612,175641.34612,175641.34612,175641.35,1,0
146307.34512,146307.34512,146307.34512,146307.35,1,0
56632.6661,356035.75663,816053.854367345,377452.28,0,1
136743.4868,136743.4868,136743.4868,136743.49,1,0
291719.14245,291719.14245,291719.14245,293075.05,1,0
307.89081,307.89081,307.89081,122938.73,1,0
1804.41778,1804.41778,1804.41778,1804.42,1,0
404182.18224,404182.18224,404182.18224,405515.88,1,0
185594.50869,185594.50869,185594.50869,185594.51,1,0
159454.87486,159454.87486,159454.87486,159454.87,1,0
93228.74555,284269.07296,651560.60408707,301368.63,0,1
3050.78347,297983.53626,682994.920523369,315908.06,0,1
212419.49562,444290.88139,1018339.5332266,471016.19,0,1
395069.79842,2107354.21696,4830173.65318914,2234117.3,0,1
464170.56213,464170.56213,464170.56213,464170.56,1,0
246802.60987,246802.60987,246802.60987,246802.61,1,0
121005.52956,126766.64032,290556.225075564,134392,0,1
150555.64622,150555.64622,150555.64622,150555.65,1,0
346973.53032,1496548.32173,23138631.7791106,1601833.39,0,1
74521.75987,74521.75987,74521.75987,74521.76,1,0
125197.35364,281728.91684,4355904.56628405,301549.09,0,1
16547.42313,16547.42313,16547.42313,16547.42,1,0
228038.74865,228038.74865,228038.74865,228038.75,1,0
243720.7982,243720.7982,243720.7982,246511.91,1,0
34599.28685,73186.69339,1131563.82917477,78335.52,0,1
900261.8011,900261.8011,900261.8011,900261.8,1,0
327993.6673,575963.05126,8905156.46435808,616483.16,0,1
166733.86227,217099.17406,3356642.59896158,232372.52,0,1
99452.48958,932027.27413,14410383.9421986,997597.19,0,1
61519.80647,358210.57708,5538412.97476809,383411.38,0,1
306303.81859,315099.88559,4871864.22278605,337267.77,0,1
85784.42625,85784.42625,85784.42625,85784.43,1,0
362234.27957,1799228.38845,27818469.0479898,1925807.58,0,1
187184.00639,187184.00639,187184.00639,187184.01,1,0
71568.38786,71568.38786,71568.38786,71568.39,1,0
7103.74926,407717.63185,6303858.02866857,436401.35,0,1
103285.46829,103285.46829,103285.46829,103463.38,1,0
147902.02368,147902.02368,147902.02368,147902.02,1,0
2966.18182,8464.43535,130871.452620607,9059.92,0,1
157290.18839,689113.49373,10654613.1213474,737593.96,0,1
96997.2767,1429474.75257,22101584.9986165,1530041.06,0,1
1165450.41137,1357550.53675,20989540.75541,1453056.84,0,1
186146.41208,2197022.69034,33968899.1688301,2351587.48,0,1
47093.11794,47093.11794,47093.11794,47093.12,1,0
132046.33009,314324.18066,4859870.79064364,336437.49,0,1
734320.72351,756147.21016,11691043.7255167,809343.63,0,1
149053.48293,318285.25743,4921114.31716329,340677.24,0,1
19015.44581,254609.13357,3936596.56940733,272521.38,0,1
62104.78762,461763.62799,7139481.16603113,494249.59,0,1
322189.40173,1546409.78114,23909556.4011257,1655202.7,0,1
314670.04543,314670.04543,314670.04543,314670.05,1,0
169214.69476,169214.69476,169214.69476,169214.69,1,0
61872.7878,118076.52465,1825620.45338777,126383.44,0,1
169691.50421,169691.50421,169691.50421,169691.5,1,0
294.62555,500472.01604,7737964.43907138,535681.19,0,1
113240.11111,214809.06535,3321234.46585595,229921.3,0,1
41677.41649,41677.41649,41677.41649,41677.42,1,0
91422.16434,949518.35299,14680819.3349516,1016318.8,0,1
192606.82439,367699.79693,5685128.96167746,393568.19,0,1
143407.20497,340780.70062,5268923.85269476,364755.28,0,1
101142.7271,350873.73314,57895416.6579297,378145.04,0,1
417718.75127,545790.81158,90057429.3826824,588211.85,0,1
2176.02479,234282.5986,38657463.8695951,252491.98,0,1
293436.25867,916438.99893,151215701.471327,987668.3,0,1
125277.44231,200978.47076,33162164.0633927,216599.32,0,1
217954.20126,217954.20126,217954.20126,217954.2,1,0
65224.63237,334706.82695,55227819.5096238,360721.58,0,1
52876.03383,246063.24099,40601311.8560586,265188.26,0,1
161723.80469,193028.45315,31850382.8198957,208031.4,0,1
227946.1239,227946.1239,227946.1239,227946.12,1,0
104142.63046,214686.05837,35423964.8797546,231372.32,0,1
244790.47177,244790.47177,244790.47177,244790.47,1,0
177580.0457,178553.0983,29461897.6722265,192430.96,0,1
74458.36776,82642.41068,13636292.3411689,89065.71,0,1
139340.85787,139340.85787,139340.85787,198992.68,1,0
266115.51471,1001198.58593,165201335.451973,1079015.74,0,1
270811.07513,270811.07513,270811.07513,270811.08,1,0
12163.84172,106222.85542,17527149.7757916,114478.92,0,1
81751.47223,81751.47223,81751.47223,81751.47,1,0
1338624.75958,1338624.75958,1338624.75958,1338624.76,1,0
503965.97283,503965.97283,503965.97283,503965.97,1,0
61654.03572,329157.27945,54312124.3907552,354740.7,0,1
105333.28553,114764.09486,18936484.7286495,123684.02,0,1
150349.62731,150349.62731,150349.62731,150349.63,1,0
24201.77509,328062.42421,54131469.3735425,353560.75,0,1
96083.12732,96083.12732,96083.12732,96083.13,1,0
22367.89256,514918.63094,84963409.5331586,554940.16,0,1
148107.9112,316268.09613,52185363.1994463,340849.72,0,1
173441.4929,308803.92053,50953747.6193837,332805.39,0,1
95053.9634,95053.9634,95053.9634,96852.26,1,0
219452.78437,219452.78437,219452.78437,219452.78,1,0
91568.21802,234333.23566,38665819.1649909,252546.55,0,1
163806.76678,163806.76678,163806.76678,163806.77,1,0
435110.52676,923733.47197,152419315.524085,995529.73,0,1
77994.75018,77994.75018,77994.75018,77994.75,1,0
16093.00346,16093.00346,16093.00346,16093,1,0
137023.87046,219398.04161,36201458.9102244,236450.53,0,1
247426.33576,247426.33576,247426.33576,247426.34,1,0
88947.40829,419849.61328,69276682.7456346,452482,0,1
99590.7698,354373.1642,58472835.2565558,381916.46,0,1
28180.20532,28180.20532,28180.20532,28180.21,1,0
11240.05761,11240.05761,11240.05761,11475.45,1,0
22744.24905,47691.89427,7869332.55236257,51398.7,0,1
66556.25006,386426.41993,63761736.7058731,416461.02,0,1
20762.56106,20762.56106,20762.56106,20762.56,1,0
97789.73293,97789.73293,97789.73293,97789.73,1,0
264916.64823,266895.59907,44038725.1962232,287639.79,0,1
189270.36253,189270.36253,189270.36253,189270.36,1,0
184134.12289,1059372.35055,174800213.974725,1141711,0,1
245443.27921,245443.27921,245443.27921,245443.28,1,0
266673.89089,1491014.92335,246022777.077178,1606902.56,0,1
66965.45221,566099.00772,93408354.1343711,610098.48,0,1
118015.81492,120194.57685,19832533.6139589,129536.58,0,1
138655.20477,138655.20477,138655.20477,138655.2,1,0
495959.84388,495959.84388,495959.84388,495959.84,1,0
999259.32358,1922646.54758,317243533.626554,2072082.32,0,1
213682.89725,393207.67958,64880668.719931,423769.35,0,1
552932.00488,552932.00488,552932.00488,552932,1,0
206975.54034,206975.54034,206975.54034,207372.43,1,0
141598.9968,486236.16078,80230699.7180604,524028.38,0,1
39292.98601,39292.98601,39292.98601,39292.99,1,0
96963.11722,517432.69228,85378238.6156332,557649.63,0,1
76945.05772,244136.29576,40283359.02451,263111.54,0,1
58971.64038,592907.90685,97831918.0511732,638991.08,0,1
10136.99096,32558.25771,5372228.57609746,35088.82,0,1
2605.75547,2605.75547,2605.75547,2605.76,1,0
90997.99847,975272.57175,194146357.319186,1065955.24,0,1
126026.7865,828892.26842,165006603.471908,905964.22,0,1
117040.28838,229815.64186,45749128.0022657,251184.33,0,1
186376.73382,186376.73382,186376.73382,186376.73,1,0
87054.15092,356170.09537,70902359.6121783,389287.46,0,1
130737.82227,172821.32057,34403335.8751707,188890.57,0,1
204278.66975,826209.08353,164472465.02949,903031.55,0,1
47301.1678,144490.62529,28763577.8749408,157925.63,0,1
8470.65286,364738.12718,72607987.5704439,398652.16,0,1
79330.94731,79330.94731,79330.94731,79330.95,1,0
102074.19625,583385.45603,116133852.711537,637629.73,0,1
46980.08045,234592.47422,46700046.3701987,256405.32,0,1
48978.98082,197783.23049,39372473.7583387,216173.49,0,1
132693.29689,132693.29689,132693.29689,132693.3,1,0
7704.78057,7704.78057,7704.78057,7704.78,1,0
137281.95101,510668.38184,101658150.761297,558151.28,0,1
241303.72629,259930.74063,51744105.0946818,284099.59,0,1
66274.2722,320585.98413,63818672.6760326,350394.67,0,1
77937.37556,275182.38995,54780232.8853715,300769.36,0,1
22395.84295,60151.24163,11974236.5252165,65744.22,0,1
82499.71104,358111.09474,71288752.0609767,391408.93,0,1
259920.21317,390615.92562,77759450.2979879,426936.13,0,1
127554.58329,127554.58329,127554.58329,127554.58,1,0
206186.77083,206186.77083,206186.77083,206186.77,1,0
186607.02189,984294.60003,195942361.817753,1075816.15,0,1
166220.60676,166220.60676,166220.60676,166220.61,1,0
192476.07762,192476.07762,192476.07762,192476.08,1,0
69098.2618,69098.2618,69098.2618,69098.26,1,0
90841.40258,401596.06039,79945252.7394983,438937.21,0,1
91078.2703,400852.55893,79797244.7832595,438124.58,0,1
49855.39139,105049.518,20912083.2971239,114817.22,0,1
184305.4572,627015.17417,124819169.097032,685316.22,0,1
242618.34214,242618.34214,242618.34214,242618.34,1,0
22839.31196,22839.31196,22839.31196,22839.31,1,0
153146.82454,155660.25423,30987102.6967419,170133.84,0,1
2875.31094,2875.31094,2875.31094,2875.31,1,0
6062.49771,11105.14828,2210688.73308178,12137.73,0,1
344797.81293,535032.85873,106508358.357818,584781.21,0,1
298229.61913,298229.61913,298229.61913,298229.62,1,0
3105.599,3105.599,3105.599,3105.6,1,0
58895.84271,909265.4337,181006394.419914,993810.63,0,1
202058.69284,836322.01925,166485635.181828,914084.8,0,1
144524.83952,153254.73094,30508238.0206218,167504.64,0,1
121060.45996,121060.45996,121060.45996,121060.46,1,0
142273.28024,142273.28024,142273.28024,142341.71,1,0
13280.38352,95057.648,18923013.5544714,103896.29,0,1
322126.94024,322126.94024,322126.94024,322126.94,1,0
93231.1347,309741.39033,61659852.2151042,338541.72,0,1
425088.07451,425088.07451,425088.07451,425088.07,1,0
62217.25452,329727.7622,65638515.6236572,360386.47,0,1
87866.08083,87866.08083,87866.08083,87866.08,1,0
166577.22427,179736.54207,35779940.8399461,196448.78,0,1
5013.70008,21433.89682,4266820.48823678,23426.86,0,1
233564.7315,849378.69436,169084812.052718,928355.51,0,1
25098.76683,565279.55068,112529531.54893,617840.3,0,1
144697.22658,144697.22658,144697.22658,144697.23,1,0
78596.65738,78596.65738,78596.65738,78596.66,1,0
270498.98874,270498.98874,270498.98874,270498.99,1,0
83714.31607,343185.7965,68317590.5937789,375095.85,0,1
670923.86985,1320304.62054,262831479.172613,1443069.01,0,1
55425.73061,55425.73061,55425.73061,55425.73,1,0
102904.5492,102904.5492,102904.5492,102904.55,1,0
127172.96308,128727.07851,25625547.2623542,140696.36,0,1
159511.98655,487884.33902,97122558.3057742,533248.74,0,1
43794.20961,99708.15091,19848783.6682137,108979.2,0,1
266784.92314,455721.09366,90719859.0942066,518387.53,0,1
3887.06002,177396.46107,35314103.683092,201790.34,0,1
161935.52799,434029.72972,86401784.93092,493713.37,0,1
67093.54096,661351.88331,131654537.172541,752294.71,0,1
262518.26741,267366.96988,53224426.4560088,304132.74,0,1
67159.33754,67159.33754,67159.33754,75957.1,1,0
40111.87821,161896.3031,32228505.5693793,184158.74,0,1
158767.16916,158767.16916,158767.16916,158767.17,1,0
2683.74164,220170.57049,43829095.0526985,250446.34,0,1
118767.90435,523854.72685,104283140.865808,595890.25,0,1
94809.08874,280036.60922,55746556.5739461,318544.58,0,1
846182.09362,3059303.50675,609011930.58629,3479989.86,0,1
178064.54952,615320.84274,122491192.371157,699933.92,0,1
13206.1346,229232.7853,45633099.4362613,260754.7,0,1
24633.23065,289735.27949,57677259.3931402,329576.92,0,1
135056.35608,135056.35608,135056.35608,135056.36,1,0
51981.83592,232155.67224,46214955.0822563,264079.51,0,1
305817.48422,463383.86563,92245278.0468524,527104.01,0,1
118641.37245,118641.37245,118641.37245,118641.37,1,0
33775.16056,416296.28368,82871608.8026151,473541.39,0,1
83740.07796,90641.12789,18043822.1199734,103105.23,0,1
6601.16932,137080.86651,27288525.9587678,155930.93,0,1
25397.48334,202774.96463,40366172.3694335,230658.65,0,1
137826.13941,143690.89306,28604376.1258271,163449.9,0,1
168563.26901,168563.26901,168563.26901,168563.27,1,0
73421.40137,434079.07717,86411608.469424,493769.51,0,1
157524.62589,1414490.00822,281580852.896879,1608997.24,0,1
308965.59794,1584624.80345,315449385.350202,1802527.35,0,1
78534.55552,1443740.38798,287403691.398753,1642269.85,0,1
21639.48585,659729.74433,131331619.884436,750449.51,0,1
114225.40908,528008.76919,105110081.161088,600615.52,0,1
55632.28129,55632.28129,55632.28129,55632.28,1,0
150474.26832,239088.35514,47595036.0672766,271965.51,0,1
111479.66681,111479.66681,111479.66681,111479.67,1,0
130243.08253,276653.14616,55073014.5845058,314695.86,0,1
75997.59089,318187.24294,63341158.1045377,361941.33,0,1
66967.00905,237328.29639,47244663.2536875,269963.43,0,1
32705.96599,287081.90551,57149055.3733161,326558.68,0,1
39889.18206,277927.32241,55326663.3435151,316145.25,0,1
100739.63898,100739.63898,100739.63898,100739.64,1,0
95162.11274,130930.15076,26064110.2493979,148934.42,0,1
84.77637,145493.97266,28963313.0491411,165500.92,0,1
396196.69107,396196.69107,396196.69107,396196.69,1,0
119095.62198,154489.12556,30753967.4976,175733,0,1
191761.62789,209991.07899,41802675.7199572,238867.06,0,1
88545.7596,273468.33819,54439018.6288653,311073.11,0,1
50316.67609,514596.38759,102440094.219958,585358.79,0,1
61166.78667,61166.78667,61166.78667,61166.79,1,0
28945.43787,322088.22148,64117721.2884713,366378.73,0,1
28300.12517,365588.62401,72777294.968436,415860.9,0,1
85501.40204,565319.23108,112537430.679225,643056.56,0,1
206157.16236,498312.99714,99198578.9428481,566836.27,0,1
138461.32956,633754.0102,126160661.214921,720901.84,0,1
469705.39945,3659377.25531,728467901.953089,4162580.05,0,1
1283.03348,467298.76268,93024611.9721091,531557.25,0,1
25534.13779,422873.41194,84180909.9459958,481022.95,0,1
145076.12539,637990.88227,127004090.326581,748584.24,0,1
46793.68728,302650.92604,60248361.8753982,355114.34,0,1
65152.97958,286265.04475,56986443.8679947,335888.03,0,1
23395.01866,195965.06634,39010533.971498,229934.89,0,1
178628.97913,878569.39388,174895770.079804,1030866.15,0,1
144625.96381,1252435.88091,249320929.448688,1469541.01,0,1
39131.2073,590900.33168,117629830.11869,693330.72,0,1
116262.1347,205958.65328,40999945.5033655,241660.82,0,1
28208.09754,188627.43268,37549839.9176547,221325.3,0,1
76587.08355,200961.85981,40005239.7374318,235797.86,0,1
118972.83737,224614.80888,44713804.3324113,263550.96,0,1
69363.81527,325979.02879,64892259.6976792,382486.29,0,1
43349.34291,234054.81875,46593015.9317174,274627.36,0,1
28126.5818,166900.44515,33224674.2084419,195832.02,0,1
62175.82992,62175.82992,62175.82992,62175.83,1,0
251993.14915,808834.49947,161013727.131086,949042.97,0,1
35029.87037,223401.80594,44472333.2718689,262127.68,0,1
37435.19315,201469.20407,40106236.1591901,236393.15,0,1
7543.24799,255355.97777,50833412.4631086,299620.99,0,1
40569.29103,167631.65355,33370234.9997666,196689.98,0,1
58058.6765,197686.63019,39353243.6508753,231954.88,0,1
14317.57136,76276.83706,15184339.7343324,89499.14,0,1
80272.32519,324657.74374,64629233.0455736,380935.96,0,1
237578.24556,258067.89709,51373271.0345199,302803.01,0,1
154085.44013,243996.08962,48572012.9654088,286291.91,0,1
1264.10237,426267.72754,84856612.3377376,500159.66,0,1
2081.69312,2081.69312,2081.69312,2081.69,1,0
298474.15663,739476.76747,147206765.457225,867662.33,0,1
282252.52348,822306.49706,163695581.756833,964850.29,0,1
94188.40109,287518.19724,57235907.4519673,337358.41,0,1
7964.2099,249402.89512,49648339.341198,292635.96,0,1
636814.37891,644333.29385,128266666.698094,756026.09,0,1
99939.51936,486266.96542,96800589.6562296,570559.55,0,1
116066.25358,797178.96467,158693473.604458,935366.99,0,1
142375.15594,142375.15594,142375.15594,142375.16,1,0
158267.07616,401501.54106,79926436.8882714,471100.35,0,1
63683.26287,192086.37688,38238407.8483567,225383.84,0,1
873640.73297,3890376.62063,774452672.384445,4564759.02,0,1
54145.92077,130574.83944,25993378.8451829,153209.51,0,1
26649.56517,310714.90148,61853647.928279,364576.18,0,1
198.31442,198.31442,198.31442,198.31,1,0
2182.67531,665186.72459,132417934.490352,780494.38,0,1
101717.04925,414176.63099,82449652.0487131,485972.62,0,1
106594.61074,107159.13768,21332042.7915921,125734.78,0,1
55666.7369,55666.7369,55666.7369,55666.74,1,0
287777.34431,287777.34431,287777.34431,287777.34,1,0
17837.3482,163538.83318,32555482.0896428,191887.69,0,1
62232.96582,248014.69415,49371991.8160453,298584.01,0,1
164808.50407,478266.25593,95207897.8811852,575783.05,0,1
17412.17481,215871.66036,42973316.0978117,259887.12,0,1
52280.97905,207146.85522,41236479.4581723,249383.36,0,1
132183.48855,723897.9482,144105508.331561,871498.17,0,1
41209.43763,249276.97154,49623271.8830681,300103.66,0,1
132826.91076,424150.93866,84435225.679105,510633.81,0,1
111370.53491,111370.53491,111370.53491,111370.53,1,0
24196.1846,201726.90051,40157535.4847011,242858.3,0,1
76080.58159,215854.11248,42969822.8620955,259866,0,1
137842.09441,137842.09441,137842.09441,137842.09,1,0
32732.64251,222873.26384,44367117.0211742,268316.33,0,1
40284.07951,188969.59291,37617953.3499384,227499.82,0,1
22050.664,270477.14836,53843566.0073458,325626.48,0,1
90.07911,90.07911,90.07911,90.08,1,0
43340.91993,304977.44716,60711499.6829792,367161.26,0,1
21951.22602,198284.00677,39472162.700087,238713.41,0,1
13339.89716,225444.61296,44878992.449136,271411.97,0,1
149317.23702,855919.99627,170386981.286979,1030439.04,0,1
59591.42519,348117.15142,69299269.584964,419097,0,1
103359.34349,460625.95871,91696264.7783026,554545.95,0,1
2144.35074,287360.5471,57204524.225064,345952.34,0,1
666.81938,5149.71738,1025148.14782117,6199.73,0,1
64234.59381,188843.24819,37592802.0559668,227347.72,0,1
13744.66822,415495.15518,82712129.099684,500213.14,0,1
278483.66035,943201.97358,187762101.27415,1135517.5,0,1
116385.71856,736408.41564,146595952.287632,886559.47,0,1
69336.34699,269716.7403,53692192.4742418,324711.02,0,1
15908.90656,129151.21517,25709979.6455973,155484.69,0,1
165291.65566,1213440.47079,241558159.279338,1460856.67,0,1
64576.19251,274238.24364,54592282.7961632,330154.45,0,1
4591.69485,181324.56722,36096067.1282621,218296,0,1
17650.82595,646362.06256,128670531.285594,778152.99,0,1
44830.14988,371090.83382,73872613.367374,446754.94,0,1
17781.85011,316212.76877,62948101.8668969,380687.43,0,1
154008.36985,244865.43491,48745072.5040394,294792.63,0,1
111737.8705,883435.0696,175864374.390329,1063564.34,0,1
82462.16004,444035.02461,88393527.1505461,534572.19,0,1
34393.84166,87630.59515,17444518.9282386,105498.16,0,1
1807.43148,260137.93841,51785351.7116757,313179.14,0,1
104167.71576,344728.07117,68624609.3881544,415016.9,0,1
228579.8339,228579.8339,228579.8339,228579.83,1,0
42354.72916,292946.62173,58316537.4945252,352677.4,0,1
57250.53821,414435.26332,82501137.6807394,498937.14,0,1
259389.22893,476002.57962,94757270.515599,573057.81,0,1
132866.68595,293780.73088,58482582.6164428,353681.58,0,1
1788.71374,305922.69287,60899668.6284452,368299.24,0,1
16113.63181,289035.78456,57538011.7647782,347969.15,0,1
39768.17189,347660.90658,69208445.4643054,418547.73,0,1
75899.25351,1307075.94994,260198063.362962,1573584.09,0,1
46897.28995,233513.12744,46485182.0833408,281125.62,0,1
556250.1974,1214302.65655,241729793.5788,1461894.65,0,1
73429.68209,464156.59184,92399103.7395071,558796.47,0,1
3470.97035,1303230.62485,259432579.045494,1568954.72,0,1
49415.99543,263126.92703,52380366.1409241,316777.57,0,1
48590.07529,227925.88296,45372935.9332237,274399.16,0,1
84643.94625,516663.35359,102851562.696798,622009.17,0,1
50016.13287,197516.57955,39319391.871104,237789.51,0,1
230501.91151,1614623.57635,321421205.589266,1943839.58,0,1
195014.25209,909781.45423,181109118.016479,1095282.66,0,1
96148.33533,977834.46639,194656350.654997,1177211.44,0,1
16769.92246,120963.3751,24080036.0073279,145627.38,0,1
90790.38312,405415.65383,80705614.6878361,488078.46,0,1
90898.01011,286029.24806,56939504.0998135,344349.6,0,1
31574.48253,363909.07212,72442948.5602448,438108.84,0,1
169127.62188,2433707.06629,484475187.130849,2929931.29,0,1
37836.73541,72807.31734,14493666.5473726,87652.47,0,1
8001.83255,265836.31946,52919721.6873318,320039.4,0,1
556485.33897,3556601.65439,708008484.639523,4281780.09,0,1
17501.75898,234423.90733,321868446.40537,305321.36,0,1
207415.92269,384444.76928,527849919.516247,500713.44,0,1
72877.68883,211396.81638,290251816.200166,275330.12,0,1
123141.11181,416065.82118,571266220.202803,541897.73,0,1
982996.15232,1039147.11347,1426768586.9103,1353419.17,0,1
10428.61414,130005.03194,178499360.973894,169322.8,0,1
36725.68474,175811.74374,241392840.269287,228982.96,0,1
72630.21875,304956.25472,418710689.734184,397185,0,1
65838.28992,204088.57498,280217462.911864,265811.63,0,1
49057.56877,554773.92589,761715064.244947,722555.7,0,1
51638.00678,276984.26163,380304615.621334,360753.36,0,1
740.16051,211896.256,290937556.218723,275980.61,0,1
195584.60314,509133.69395,699050164.937432,663112.37,0,1
32835.90502,307050.75149,421586473.305234,399912.94,0,1
70158.89254,367378.33267,504417380.148137,478485.55,0,1
21662.63091,228310.27149,313474309.08328,297358.76,0,1
45627.85843,940503.28986,1291328756.50025,1224942.23,0,1
9707.57632,274508.43597,376905260.29179,357528.76,0,1
28382.56845,55446.79629,76129497.1288684,72215.72,0,1
62453.57414,300302.69235,412321260.825921,391124.04,0,1
19336.41216,186495.70202,256062116.505702,242898.1,0,1
84787.74886,228238.28019,313375463.670499,297265,0,1
68.6167,343523.34182,471664027.764605,447416.03,0,1
4205.8665,172797.10822,237253688.839075,225056.6,0,1
54366.92685,325588.51021,447039165.68206,424057.12,0,1
53122.82726,267980.85018,367942761.880536,349027.02,0,1
2269.97555,1115929.20525,1532191847.16759,1453422.68,0,1
20698.62246,242853.63814,333442625.806837,316300.52,0,1
74413.12819,405600.08653,556896569.126454,528266.81,0,1
6521.96147,222296.74854,305217628.647462,289526.55,0,1
40221.76205,273177.72186,375078164.719185,355795.6,0,1
11078.78554,139696.86016,191806423.924636,181945.76,0,1
10878.55974,180495.67744,247823969.586497,235083.47,0,1
40129.5232,583903.40403,801710387.163622,760494.88,0,1
303758.27456,423386.4361,581317562.567451,551432.34,0,1
14599.60986,305254.34368,419119971.498739,397573.24,0,1
33277.97658,315140.77338,432694225.952042,410449.65,0,1
98236.62285,810591.62163,1112957585.66118,1055741.03,0,1
13533.23878,263635.50054,361976514.863988,343367.5,0,1
109136.55501,316247.63955,434213974.080867,411891.26,0,1
20856.10342,236058.33472,324112546.039974,307450.09,0,1
9613.08774,188766.80243,259180380.205523,245856.05,0,1
8163.13805,397882.39462,546300032.564976,518215.04,0,1
24599.65082,234683.75091,322225216.541811,305659.79,0,1
13300.39194,331490.67162,455142944.622986,431744.29,0,1
1269.97146,370560.57293,508786656.047685,482630.21,0,1
181870.26125,320099.17389,439502203.376301,416907.63,0,1
39474.85235,280381.35091,384968883.277766,365177.84,0,1
21483.77754,164583.3513,225976045.662221,214358.74,0,1
37272.36864,196655.47366,270011674.598328,256130.52,0,1
53726.87923,209556.53888,287725080.481842,272933.29,0,1
85777.62918,260322.77606,357428081.669222,339052.89,0,1
4255.36051,147180.58035,202081712.901442,191692.8,0,1
26796.51021,185224.6057,254316877.283262,241242.58,0,1
365050.98906,390842.99571,536634805.086279,509046.7,0,1
2308.22093,372607.82541,511597572.317456,485296.61,0,1
47375.89709,199620.61517,274082869.819267,259992.42,0,1
38927.04358,200070.56077,274700653.614821,260578.44,0,1
122528.06093,291505.13101,400242043.168843,379665.81,0,1
6766.05696,177352.80742,243508749.76906,230990.09,0,1
415.07482,187653.18707,257651365.311526,244405.65,0,1
172530.51546,1971902.3401,2707459106.45385,2568270.08,0,1
20209.30662,122646.17165,168395506.994862,159738.38,0,1
15754.84518,180548.54605,247896559.18522,235152.33,0,1
18664.86835,219816.42342,301812095.474471,286296.1,0,1
20872.97638,190446.22438,261486258.219682,248043.39,0,1
107135.42195,345651.58451,474586145.120322,450187.92,0,1
5432.8768,490260.0768,18782912908.4055,681591.46,0,1
31364.2368,210758.4128,8074605907.49082,293010.06,0,1
12567.1104,249575.9552,9561789042.97378,346976.73,0,1
160.0768,176420.8576,6759060670.7281,245271.76,0,1
18827.4112,86997.4144,3333057157.33055,120949.47,0,1
75.712,239588.4608,9179146755.00116,333091.47,0,1
2985.216,274025.5232,10498504325.5838,380968.11,0,1
3784.5184,368251.2704,14108494384.2054,511966.88,0,1
13900.7232,306862.8992,11756574486.1696,426620.77,0,1
18228.2048,102160.3648,3913982242.35203,142029.99,0,1
45884.7168,176984.3712,6780650082.90416,246055.19,0,1
801.4656,176451.1424,6760220946.23852,245313.86,0,1
52831.8336,199339.9616,7637140601.65077,277135.39,0,1
66595.1936,636064.0832,24368976476.5084,884297.68,0,1
214.1568,200822.8352,7693952663.25035,279196.97,0,1
7819.968,282335.456,10816875637.9613,392521.12,0,1
20083.1488,300987.648,11531481037.1478,418452.61,0,1
13903.968,1382566.016,52969063355.4138,1922133.24,0,1
1468.8128,214378.528,8213300269.3973,298042.98,0,1
1195.168,178338.5344,6832530973.58444,247937.84,0,1
20689.9264,214670.56,8224488640.39065,298448.98,0,1
7045.5424,207110.176,7934834146.8961,287938.04,0,1
48855.872,468183.5392,17937113499.7192,650899.22,0,1
50557.2288,317339.2768,12157946935.9533,441185.71,0,1
49726.56,446308.1792,17099021635.495,620486.67,0,1
12224.2432,397456.6336,15227414360.3627,552570.08,0,1
3791.008,176527.936,6763163073.42566,245420.62,0,1
68593.9904,92117.7088,3529226595.41399,128068.03,0,1
6684.288,177683.0848,6807419296.46603,247026.59,0,1
38196.704,463593.2288,17761248883.0682,644517.47,0,1
54377.44,378031.0976,14483180497.2494,525563.43,0,1
1125.9456,187763.5968,7193625287.7921,261041.17,0,1
27957.1968,227085.1648,8700118722.84136,315708.57,0,1
53230.944,220079.6416,8431722134.23418,305969.04,0,1
4155.5072,291873.0048,11182279546.922,405780.84,0,1
62552.1728,195593.2992,7493597945.64718,271926.53,0,1
35706.8608,207453.0432,7947970123.21052,288414.72,0,1
49612.992,772831.3216,29608822119.9837,1074440.39,0,1
8135.7952,261317.8048,10011644433.7287,363301.02,0,1
8552.2112,190173.4016,7285950067.69279,264391.44,0,1
14492.3584,204877.7536,7849305266.41359,284834.38,0,1
131.9552,313562.3296,12013244004.4393,435934.75,0,1
271.4816,329067.0656,12607263627.3641,457490.45,0,1
426.1504,176700.992,6769793219.1995,245661.22,0,1
6064.5312,272697.3184,10447617956.7696,379121.56,0,1
20620.704,20887.8592,800258594.902251,29039.66,0,1
769.0176,1341259.712,51386530436.0208,1864706.53,0,1
16441.4016,344540.4352,13200081536.3674,479002.53,0,1
6669.1456,973037.6448,37279154888.9148,1352780.25,0,1
13614.0992,371532.8448,14234218523.4418,516529.14,0,1
