734691.2
211227.35
88825.99
988110.84
832376.38
1688084.71
260577.3
779415.75
1061971.16
111177.43
303277.14
478273.35
672065.64
1057312.4
22347.7
35562.94
565186.06
34012.49
553412.79
184925.4
162678.7
276.8
391884.31
127815.24
260298.63
41508.48
9418.61
1272698.47
294718.59
64024.51
95747.81
272006.44
264198.12
142717.44
1334667.32
222119.21
64325.62
219863.68
3093.41
320535.87
296960.27
942165.84
46861.16
837299.11
121023.4
423155.57
373813.58
669414.3
761890.95
376557.48
815.83
145824.2
149577.36
169897.41
954924.39
672374.41
57066.5
678147.84
542928.64
39980.95
233843.51
85242.26
408992.47
186077.08
207796.46
231738.21
180087.15
615011.4
79216.3
735933.57
370862.89
95680.53
453838.42
184789.41
106392.54
379493.49
597119.03
519803.8
188086.94
385903.32
2319038.93
586422.08
523084.04
688192.74
163316.76
290148.26
289519.68
1066468.38
166707.94
4325020.08
445288.68
262591.42
174809.27
491573.81
310631.99
324944.92
162611.35
477397.22
606384.06
594474.13
180461.47
547403.71
95153.89
394482.82
231973.65
173754.68
161129.03
42904.02
215072.48
1621576.46
429959.68
279572.24
181935.12
248206.38
104478.97
1200514.14
60629.46
311343.3
386712.82
342674.53
344296.17
80995.35
537695.64
261000.01
88807.29
359341.91
352839.47
294433.48
171384.02
149121.59
223532.52
125891.15
744.62
265045.2
197428.43
364921.37
539195.65
342854.62
226953.52
167389.04
239570.51
334149.6
287844.59
82604.3
49376.09
106088.49
211224.78
232568.2
816039.21
68927.38
504951.86
177803.21
517594.76
3164306.63
516142.82
176134.81
217839.9
130510.13
237785.91
405228.67
384059.63
506152.37
160231.69
154105.51
147488.88
268536.39
78033.67
746418.34
80236.56
190304.58
374614.74
54867.5
135037.46
485869.47
267086.12
724425.2
1145374.09
240606.45
282538
78390
1098.95
222136.27
636781.93
269.74
400591.71
2020446.08
290409.43
991802.36
152963.64
284842.46
320095.62
210070.67
343444.51
393315.34
318981.46
303907.55
264581.85
215885.11
128951.69
281537.29
38921.09
83065.52
185564.12
147613.76
26198.27
257633.09
125035.36
134264.87
664577.46
137661.62
210577.79
564265.7
279642.69
326169.88
496372.82
102590.94
283440.5
193337.45
226198.63
82210.45
90514.36
2306010.59
466688.08
2730710.74
473221.52
1370646.78
710528.49
204296.78
165916.57
793274.64
67035.22
173013.95
372225.58
7436.79
144136.13
214658.39
27648.91
101268.85
193683.27
536676.75
315475.46
200929.54
201789.3
1780882.81
223340.79
114590.68
197322.42
43631.33
120135.05
159000.4
5821.35
262298.19
45616.61
228097.7
669959.63
16248.94
381465.94
274715.56
106342.44
369127.21
179157.04
519321.57
291175.42
106390.13
500360.53
231603.17
120640.86
372329.28
254881.81
421587.19
590069.73
381184.22
303731.21
73288.79
357308.83
786355.28
243621.68
546209.08
403145.33
192071.52
263143.5
334.06
92102.46
45350.64
399231.81
52142.85
290987.46
205032.19
33339.96
1931216.64
218339
430865.48
144152.94
456072.96
186991.33
77615.37
190242.65
233890.79
131686.44
420559.34
240440.84
101362.27
209949.2
519581.14
56619.58
327626.61
153670.81
203175.61
409838.08
93463.33
149472.11
288083.06
1230.08
127028.64
140410.05
121495.49
505662.86
1021064.7
333753.97
751869.55
21143.81
90641.28
170923.38
229063.82
568669.65
331297.91
855888.04
167590.22
23099.21
92242.9
554874.07
1424722.47
285700.89
588417.83
2973.81
377329.87
666509.87
283614.8
736319.51
229972.23
188365.53
1249.33
102197.55
318852.02
95403.22
165904.3
67327.43
267252.18
229812.37
175641.35
146307.35
377452.28
136743.49
293075.05
122938.73
1804.42
405515.88
185594.51
159454.87
301368.63
315908.06
471016.19
2234117.3
464170.56
246802.61
134392
150555.65
1601833.39
74521.76
301549.09
16547.42
228038.75
246511.91
78335.52
900261.8
616483.16
232372.52
997597.19
383411.38
337267.77
85784.43
1925807.58
187184.01
71568.39
436401.35
103463.38
147902.02
9059.92
737593.96
1530041.06
1453056.84
2351587.48
47093.12
336437.49
809343.63
340677.24
272521.38
494249.59
1655202.7
314670.05
169214.69
126383.44
169691.5
535681.19
229921.3
41677.42
1016318.8
393568.19
364755.28
378145.04
588211.85
252491.98
987668.3
216599.32
217954.2
360721.58
265188.26
208031.4
227946.12
231372.32
244790.47
192430.96
89065.71
198992.68
1079015.74
270811.08
114478.92
81751.47
1338624.76
503965.97
354740.7
123684.02
150349.63
353560.75
96083.13
554940.16
340849.72
332805.39
96852.26
219452.78
252546.55
163806.77
995529.73
77994.75
16093
236450.53
247426.34
452482
381916.46
28180.21
11475.45
51398.7
416461.02
20762.56
97789.73
287639.79
189270.36
1141711
245443.28
1606902.56
610098.48
129536.58
138655.2
495959.84
2072082.32
423769.35
552932
207372.43
524028.38
39292.99
557649.63
263111.54
638991.08
35088.82
2605.76
1065955.24
905964.22
251184.33
186376.73
389287.46
188890.57
903031.55
157925.63
398652.16
79330.95
637629.73
256405.32
216173.49
132693.3
7704.78
558151.28
284099.59
350394.67
300769.36
65744.22
391408.93
426936.13
127554.58
206186.77
1075816.15
166220.61
192476.08
69098.26
438937.21
438124.58
114817.22
685316.22
242618.34
22839.31
170133.84
2875.31
12137.73
584781.21
298229.62
3105.6
993810.63
914084.8
167504.64
121060.46
142341.71
103896.29
322126.94
338541.72
425088.07
360386.47
87866.08
196448.78
23426.86
928355.51
617840.3
144697.23
78596.66
270498.99
375095.85
1443069.01
55425.73
102904.55
140696.36
533248.74
108979.2
518387.53
201790.34
493713.37
752294.71
304132.74
75957.1
184158.74
158767.17
250446.34
595890.25
318544.58
3479989.86
699933.92
260754.7
329576.92
135056.36
264079.51
527104.01
118641.37
473541.39
103105.23
155930.93
230658.65
163449.9
168563.27
493769.51
1608997.24
1802527.35
1642269.85
750449.51
600615.52
55632.28
271965.51
111479.67
314695.86
361941.33
269963.43
326558.68
316145.25
100739.64
148934.42
165500.92
396196.69
175733
238867.06
311073.11
585358.79
61166.79
366378.73
415860.9
643056.56
566836.27
720901.84
4162580.05
531557.25
481022.95
748584.24
355114.34
335888.03
229934.89
1030866.15
1469541.01
693330.72
241660.82
221325.3
235797.86
263550.96
382486.29
274627.36
195832.02
62175.83
949042.97
262127.68
236393.15
299620.99
196689.98
231954.88
89499.14
380935.96
302803.01
286291.91
500159.66
2081.69
867662.33
964850.29
337358.41
292635.96
756026.09
570559.55
935366.99
142375.16
471100.35
225383.84
4564759.02
153209.51
364576.18
198.31
780494.38
485972.62
125734.78
55666.74
287777.34
191887.69
298584.01
575783.05
259887.12
249383.36
871498.17
300103.66
510633.81
111370.53
242858.3
259866
137842.09
268316.33
227499.82
325626.48
90.08
367161.26
238713.41
271411.97
1030439.04
419097
554545.95
345952.34
6199.73
227347.72
500213.14
1135517.5
886559.47
324711.02
155484.69
1460856.67
330154.45
218296
778152.99
446754.94
380687.43
294792.63
1063564.34
534572.19
105498.16
313179.14
415016.9
228579.83
352677.4
498937.14
573057.81
353681.58
368299.24
347969.15
418547.73
1573584.09
281125.62
1461894.65
558796.47
1568954.72
316777.57
274399.16
622009.17
237789.51
1943839.58
1095282.66
1177211.44
145627.38
488078.46
344349.6
438108.84
2929931.29
87652.47
320039.4
4281780.09
305321.36
500713.44
275330.12
541897.73
1353419.17
169322.8
228982.96
397185
265811.63
722555.7
360753.36
275980.61
663112.37
399912.94
478485.55
297358.76
1224942.23
357528.76
72215.72
391124.04
242898.1
297265
447416.03
225056.6
424057.12
349027.02
1453422.68
316300.52
528266.81
289526.55
355795.6
181945.76
235083.47
760494.88
551432.34
397573.24
410449.65
1055741.03
343367.5
411891.26
307450.09
245856.05
518215.04
305659.79
431744.29
482630.21
416907.63
365177.84
214358.74
256130.52
272933.29
339052.89
191692.8
241242.58
509046.7
485296.61
259992.42
260578.44
379665.81
230990.09
244405.65
2568270.08
159738.38
235152.33
286296.1
248043.39
450187.92
681591.46
293010.06
346976.73
245271.76
120949.47
333091.47
380968.11
511966.88
426620.77
142029.99
246055.19
245313.86
277135.39
884297.68
279196.97
392521.12
418452.61
1922133.24
298042.98
247937.84
298448.98
287938.04
650899.22
441185.71
620486.67
552570.08
245420.62
128068.03
247026.59
644517.47
525563.43
261041.17
315708.57
305969.04
405780.84
271926.53
288414.72
1074440.39
363301.02
264391.44
284834.38
435934.75
457490.45
245661.22
379121.56
29039.66
1864706.53
479002.53
1352780.25
516529.14
383587.68
284944.02
777153.29
330945.53
266558.84
470341.77
248088.8
504555.55
